#This datafile contains ratio of J.W.V.Orden to Misak calculations using different fofa parametrizations
#Units: pm_avg [GeV/c],   theta_nq = 35 +\- 5 deg 
#R_av18_GK_pwia = redXsec_av18_GK / redXsec_av18_jjk, R_av18_amt_pwia = redXsec_av18_amt / redXsec_av18_jjk, same for CD-Bonn 
#!pm_avg[f,0]/ R_av18_GK_pwia[f,1]/ R_av18_amt_pwia[f,2]/ R_cd_GK_pwia[f,3]/ R_cd_amt_pwia[f,4]/  R_av18_GK2amt_pwia[f,5]/ R_cd_GK2amt_pwia[f,6]/ R_wjc2_GK2amt_pwia[f,7]/ 
0.03181 1.23287  7.60762  1.27872  7.64772  -5.92407  -5.91652  -5.92196
0.06217 -2.86300  3.34476  -2.86123  3.34432  -6.00685  -6.00473  -6.00000
0.09914 -0.65663  5.82290  -0.69844  5.78203  -6.12299  -6.12624  -6.12360
0.13875 -0.28032  6.36650  -0.33097  6.31120  -6.24897  -6.24785  -6.25031
0.17780 -0.38906  6.35215  -0.43344  6.30425  -6.33858  -6.33812  -6.33815
0.21766 0.27126  7.12950  0.18781  7.04270  -6.40183  -6.40388  -6.39966
0.25754 0.60845  7.56359  0.51918  7.46556  -6.46607  -6.46382  -6.46561
0.29743 1.83133  8.93722  1.74937  8.84702  -6.52292  -6.52076  -6.52309
0.33737 3.24800  10.52014  3.21003  10.47264  -6.57992  -6.57413  -6.57484
0.38766 5.23214  12.63480  6.31675  13.81100  -6.57226  -6.58481  -6.57009
0.42406 16.35736  24.25111  22.98943  31.39533  -6.35306  -6.39741  -6.35609
0.46038 7.73191  14.50984  9.38444  16.28203  -5.91908  -5.93178  -5.91768
0.50522 6.45262  13.16231  6.93688  13.66610  -5.92927  -5.92017  -5.92748
0.54507 4.16136  10.80996  4.47507  11.13911  -6.00001  -5.99612  -6.00932
0.58242 3.54857  10.12191  3.52629  10.08925  -5.96915  -5.96148  -5.97002
0.62089 2.97489  9.57421  2.78740  9.36263  -6.02269  -6.01231  -6.02463
0.66017 2.46338  9.16042  2.16895  8.83786  -6.13504  -6.12738  -6.13905
0.69960 1.65830  8.35611  1.18656  7.84137  -6.18129  -6.17092  -6.18771
0.73908 0.60823  7.32694  -0.05982  6.59256  -6.26004  -6.24094  -6.26279
0.77892 -0.34235  6.34809  -1.10720  5.50440  -6.29107  -6.26666  -6.29327
0.81867 -1.47073  5.25958  -2.38681  4.25351  -6.39400  -6.36939  -6.39565
0.85839 -2.81980  3.87087  -3.82162  2.77695  -6.44134  -6.42029  -6.45765
0.89810 -3.87292  2.72346  -4.94717  1.54627  -6.42150  -6.39456  -6.43985
0.93788 -5.26004  1.29278  -6.36588  0.07932  -6.46918  -6.44009  -6.49034
0.97768 -6.71392  -0.22395  -7.84517  -1.46205  -6.50454  -6.47783  -6.53038
1.01733 -8.26796  -1.84634  -9.44271  -3.13494  -6.54242  -6.51192  -6.56630
1.05688 -10.23493  -3.93050  -11.50290  -5.29921  -6.56236  -6.55083  -6.59648
1.09702 -2.71071  4.13845  -2.94590  3.88253  -6.57698  -6.57322  -6.61516
1.13649 -12.36755  -6.16269  -13.75549  -7.63551  -6.61235  -6.62591  -6.65341
1.17206 -15.31348  -9.30205  -16.33531  -10.35460  -6.62797  -6.67152  -6.67604
