
# Misak Sargsian (MS V18) theoretical cross sections and reduced cross sections as a function of missing momentum
# 
# theta_nq = 45 (deg)
#
# header definitions
#
# pm_bin               : missig momentum bin center (GeV/c) (bin width from center is +/- 0.02 GeV)
# pm_avg               : average missing momentum over pm_bin (GeV/c)
# theory_pwbaXsec      : theoretical cross section using the MS AV18 PWBA model ( nb / (MeV Sr^2) ) 
# theory_fsiXsec       : theoretical cross section using the MS AV18 FSI model ( nb / (MeV Sr^2) )
# theory_red_pwbaXsec  : theoretical reduced cross section using the MS AV18 PWBA model (fm^3) 
# theory_red_fsiXsec   : theoretical reduced cross section using the MS AV18 FSI model (fm^3)
#
# common values for pm_bin indicate kinematic settings that contribute to the same missing momentum bin and are used in averaging
#
#! pm_bin[f,0]/ pm_avg[f,1]/ theory_pwbaXsec[f,2]/ theory_fsiXsec[f,3]/  theory_red_pwbaXsec[f,4]/ theory_red_fsiXsec[f,5]/  
0.02000  0.03147  1.74847E+00  1.68792E+00  5.52085E+00  5.32967E+00 
0.06000  0.06241  4.09473E-01  3.86985E-01  1.34318E+00  1.26941E+00 
0.10000  0.09921  8.24478E-02  7.51865E-02  2.86957E-01  2.61684E-01 
0.14000  0.13844  1.91319E-02  1.65647E-02  7.16415E-02  6.20286E-02 
0.18000  0.17838  5.37278E-03  4.35827E-03  2.13025E-02  1.72801E-02 
0.22000  0.21825  1.75917E-03  1.39155E-03  7.37981E-03  5.83763E-03 
0.26000  0.25782  6.67218E-04  5.15993E-04  2.94849E-03  2.28022E-03 
0.30000  0.29790  2.89042E-04  2.20277E-04  1.34056E-03  1.02163E-03 
0.34000  0.33797  1.46636E-04  1.22714E-04  7.05006E-04  5.89991E-04 
0.38000  0.37827  8.50870E-05  7.69094E-05  4.20592E-04  3.80169E-04 
0.42000  0.41804  5.48303E-05  5.26848E-05  2.77549E-04  2.66689E-04 
0.42000  0.42984  2.27819E-04  2.03912E-04  2.59818E-04  2.32553E-04 
0.42000  0.43176  2.25690E-04  2.02301E-04  2.55371E-04  2.28906E-04 
0.46000  0.45749  3.79176E-05  3.85534E-05  1.94662E-04  1.97927E-04 
0.46000  0.46616  1.58827E-04  1.45332E-04  1.91165E-04  1.74922E-04 
0.46000  0.46672  1.58591E-04  1.45850E-04  1.90309E-04  1.75020E-04 
0.50000  0.49769  2.71140E-05  2.88293E-05  1.39990E-04  1.48846E-04 
0.50000  0.50338  1.14380E-04  1.06743E-04  1.42722E-04  1.33193E-04 
0.50000  0.50342  1.14095E-04  1.07242E-04  1.42695E-04  1.34123E-04 
0.54000  0.53717  1.98085E-05  2.21412E-05  1.02766E-04  1.14868E-04 
0.54000  0.54169  8.28115E-05  7.91461E-05  1.06738E-04  1.02014E-04 
0.54000  0.54183  8.24592E-05  7.95774E-05  1.06637E-04  1.02910E-04 
0.54000  0.55082  1.01697E-04  9.44537E-05  9.91918E-05  9.21273E-05 
0.54000  0.55292  1.01221E-04  9.34698E-05  9.76624E-05  9.01837E-05 
0.54000  0.55327  1.00986E-04  9.40880E-05  9.74112E-05  9.07570E-05 
0.58000  0.57607  1.47384E-05  1.73192E-05  7.60839E-05  8.94072E-05 
0.58000  0.58074  5.98957E-05  5.68649E-05  7.95475E-05  7.55223E-05 
0.58000  0.58080  5.99210E-05  5.79761E-05  7.95170E-05  7.69361E-05 
0.58000  0.58594  7.44917E-05  6.93050E-05  7.62391E-05  7.09307E-05 
0.58000  0.58617  7.41679E-05  6.91163E-05  7.61071E-05  7.09235E-05 
0.58000  0.58675  7.36130E-05  6.83826E-05  7.57799E-05  7.03955E-05 
0.62000  0.61533  1.10681E-05  1.30643E-05  5.62376E-05  6.63804E-05 
0.62000  0.62006  4.30119E-05  4.33787E-05  5.90219E-05  5.95251E-05 
0.62000  0.62014  4.30276E-05  4.25912E-05  5.89812E-05  5.83830E-05 
0.62000  0.62354  5.32242E-05  5.07223E-05  5.73568E-05  5.46606E-05 
0.62000  0.62355  5.34028E-05  5.05990E-05  5.73467E-05  5.43358E-05 
0.62000  0.62367  5.32145E-05  5.07758E-05  5.72955E-05  5.46698E-05 
0.66000  0.65135  8.42765E-06  1.05025E-05  4.24285E-05  5.28742E-05 
0.66000  0.65942  3.07502E-05  3.14285E-05  4.35399E-05  4.45003E-05 
0.66000  0.65966  3.07185E-05  3.12707E-05  4.34634E-05  4.42447E-05 
0.66000  0.66198  3.83370E-05  3.71315E-05  4.26381E-05  4.12973E-05 
0.66000  0.66203  3.83365E-05  3.72327E-05  4.26165E-05  4.13895E-05 
0.66000  0.66209  3.83195E-05  3.73834E-05  4.26036E-05  4.15629E-05 
0.70000  0.68032  7.09940E-06  9.00451E-06  3.41979E-05  4.33748E-05 
0.70000  0.69900  2.17420E-05  2.24863E-05  3.18575E-05  3.29480E-05 
0.70000  0.69923  2.17123E-05  2.22450E-05  3.17958E-05  3.25758E-05 
0.70000  0.70112  2.73075E-05  2.73720E-05  3.13172E-05  3.13912E-05 
0.70000  0.70115  2.73050E-05  2.74304E-05  3.13030E-05  3.14468E-05 
0.70000  0.70116  2.72997E-05  2.71343E-05  3.13083E-05  3.11186E-05 
0.74000  0.73897  1.52302E-05  1.62089E-05  2.30517E-05  2.45329E-05 
0.74000  0.73906  1.51830E-05  1.63379E-05  2.30364E-05  2.47887E-05 
0.74000  0.74029  1.93429E-05  1.95948E-05  2.28176E-05  2.31146E-05 
0.74000  0.74038  1.93159E-05  1.94986E-05  2.27976E-05  2.30132E-05 
0.74000  0.74045  1.93105E-05  1.93732E-05  2.27855E-05  2.28595E-05 
0.78000  0.77875  1.06126E-05  1.14765E-05  1.65680E-05  1.79166E-05 
0.78000  0.77880  1.06102E-05  1.15406E-05  1.65593E-05  1.80113E-05 
0.78000  0.77979  1.35747E-05  1.40874E-05  1.64411E-05  1.70621E-05 
0.78000  0.77983  1.35700E-05  1.41776E-05  1.64342E-05  1.71700E-05 
0.78000  0.77985  1.35457E-05  1.40355E-05  1.64300E-05  1.70241E-05 
0.82000  0.81856  7.34359E-06  8.51248E-06  1.17968E-05  1.36745E-05 
0.82000  0.81865  7.34632E-06  8.52749E-06  1.17844E-05  1.36792E-05 
0.82000  0.81941  9.43451E-06  1.03429E-05  1.17237E-05  1.28524E-05 
0.82000  0.81946  9.42217E-06  1.03789E-05  1.17199E-05  1.29099E-05 
0.82000  0.81958  9.41679E-06  1.02901E-05  1.17062E-05  1.27918E-05 
0.86000  0.85836  5.04631E-06  6.31053E-06  8.31465E-06  1.03977E-05 
0.86000  0.85837  5.04087E-06  6.14666E-06  8.31352E-06  1.01372E-05 
0.86000  0.85912  6.47141E-06  7.70926E-06  8.27149E-06  9.85366E-06 
0.86000  0.85916  6.46691E-06  7.68873E-06  8.26822E-06  9.83035E-06 
0.86000  0.85933  6.46177E-06  7.73207E-06  8.25571E-06  9.87868E-06 
0.90000  0.89814  3.44888E-06  4.78655E-06  5.80012E-06  8.04972E-06 
0.90000  0.89823  3.44511E-06  4.80243E-06  5.79444E-06  8.07735E-06 
0.90000  0.89880  4.40418E-06  5.49550E-06  5.77380E-06  7.20450E-06 
0.90000  0.89880  4.40985E-06  5.64905E-06  5.77386E-06  7.39636E-06 
0.90000  0.89887  4.40851E-06  5.43907E-06  5.76974E-06  7.11852E-06 
0.94000  0.93788  2.34358E-06  3.38043E-06  3.99973E-06  5.76930E-06 
0.94000  0.93807  2.33861E-06  3.46939E-06  3.99126E-06  5.92115E-06 
0.94000  0.93849  2.97013E-06  4.05693E-06  3.98141E-06  5.43823E-06 
0.94000  0.93861  2.96933E-06  4.00403E-06  3.97753E-06  5.36355E-06 
0.94000  0.93867  2.96366E-06  4.00767E-06  3.97518E-06  5.37552E-06 
0.98000  0.97769  1.57616E-06  2.51593E-06  2.71872E-06  4.33971E-06 
0.98000  0.97787  1.57426E-06  2.45801E-06  2.71412E-06  4.23777E-06 
0.98000  0.97838  1.97204E-06  3.40137E-06  2.70352E-06  4.66302E-06 
0.98000  0.97839  1.97197E-06  3.22843E-06  2.70339E-06  4.42588E-06 
0.98000  0.97855  1.96627E-06  3.08358E-06  2.69935E-06  4.23322E-06 
1.02000  1.01762  1.05228E-06  1.91739E-06  1.81929E-06  3.31499E-06 
1.02000  1.01771  1.04373E-06  1.74345E-06  1.81791E-06  3.03665E-06 
1.02000  1.01813  1.29429E-06  2.07229E-06  1.81103E-06  2.89965E-06 
1.02000  1.01816  1.29379E-06  2.11090E-06  1.80989E-06  2.95293E-06 
1.02000  1.01816  1.29423E-06  2.04788E-06  1.81061E-06  2.86494E-06 
1.06000  1.05717  6.88696E-07  1.30768E-06  1.20078E-06  2.28001E-06 
1.06000  1.05722  6.90410E-07  1.29053E-06  1.20039E-06  2.24380E-06 
1.06000  1.05796  8.32879E-07  1.49013E-06  1.19121E-06  2.13123E-06 
1.06000  1.05802  8.30766E-07  1.41319E-06  1.19034E-06  2.02484E-06 
1.06000  1.05808  8.30471E-07  1.45934E-06  1.18970E-06  2.09060E-06 
1.10000  1.09708  4.44403E-07  9.92164E-07  7.73706E-07  1.72736E-06 
1.10000  1.09732  4.40133E-07  9.20059E-07  7.72044E-07  1.61389E-06 
1.10000  1.09769  5.24161E-07  1.02801E-06  7.69165E-07  1.50852E-06 
1.10000  1.09769  5.24289E-07  1.02966E-06  7.69122E-07  1.51049E-06 
1.10000  1.09775  5.24047E-07  1.02311E-06  7.67906E-07  1.49921E-06 
1.14000  1.13612  2.80304E-07  6.54393E-07  4.91823E-07  1.14820E-06 
1.14000  1.13685  2.77539E-07  6.66869E-07  4.87600E-07  1.17160E-06 
1.14000  1.13739  3.24721E-07  6.85239E-07  4.84886E-07  1.02323E-06 
1.14000  1.13741  3.23558E-07  6.78027E-07  4.84482E-07  1.01525E-06 
1.14000  1.13750  3.23397E-07  6.78429E-07  4.84013E-07  1.01537E-06 
1.18000  1.17279  1.76337E-07  4.37416E-07  3.13809E-07  7.78427E-07 
1.18000  1.17283  1.76999E-07  4.35301E-07  3.13504E-07  7.71015E-07 
1.18000  1.17310  2.05134E-07  4.82374E-07  3.12736E-07  7.35401E-07 
1.18000  1.17315  2.05062E-07  4.81898E-07  3.12329E-07  7.33976E-07 
1.18000  1.17318  2.03920E-07  4.64754E-07  3.12157E-07  7.11436E-07 
