#This file contains the digitized 5-fold diff. cross section, and corresponsing reduced Xsec for the FSI calculations plot from W.V.Orden 2014 Deuteron Momentum Dist. Article
#[0:22] lower bound, [23:46] upper bound 
#The electron kinematics used were: Eb = 12 GeV, Q2 = 4.25 GeV2, x_bj = 1.35, phi_pq = 180 deg:: theoryXsec[fm^3 sr^2], redXsec[fm^3], K_frec_sigcc1 [sr^2]
 #! Pm[f,0]/ theory_Xsec[f,1]/  red_theoryXsec[f,2]/  K_frec_sigcc1[f,3]/
0.26747        2.08669E-08    1.73303E-03    1.20407E-05    
0.28554        1.48015E-08    1.16639E-03    1.26900E-05    
0.30361        1.04988E-08    7.95265E-04    1.32016E-05    
0.32440        7.44732E-09    5.42928E-04    1.37170E-05    
0.34699        5.28257E-09    3.71314E-04    1.42267E-05    
0.37139        3.74710E-09    2.54222E-04    1.47395E-05    
0.40120        2.61677E-09    1.70715E-04    1.53283E-05    
0.42922        1.85611E-09    1.17086E-04    1.58525E-05    
0.46536        1.29621E-09    7.85901E-05    1.64933E-05    
0.50060        9.19409E-10    5.38193E-05    1.70833E-05    
0.53946        6.62450E-10    3.74361E-05    1.76955E-05    
0.57651        4.77285E-10    2.61649E-05    1.82414E-05    
0.61446        3.49293E-10    1.86176E-05    1.87614E-05    
0.65512        2.51658E-10    1.30576E-05    1.92730E-05    
0.69669        1.84174E-10    9.32749E-06    1.97453E-05    
0.73193        1.41246E-10    7.02573E-06    2.01041E-05    
0.77078        1.03366E-10    5.05357E-06    2.04541E-05    
0.80331        8.30742E-11    4.01138E-06    2.07096E-05    
0.84036        6.27228E-11    2.99277E-06    2.09582E-05    
0.87741        4.81026E-11    2.27319E-06    2.11609E-05    
0.91446        3.68909E-11    1.73054E-06    2.13175E-05    
0.95331        2.69976E-11    1.25968E-06    2.14321E-05    
0.98855        2.16975E-11    1.00955E-06    2.14922E-05    
0.26837        2.76368E-08    2.28788E-03    1.20797E-05    
0.29006        1.93002E-08    1.50476E-03    1.28261E-05    
0.31807        1.34784E-08    9.93557E-04    1.35658E-05    
0.35060        9.56060E-09    6.68353E-04    1.43047E-05    
0.38494        7.10656E-09    4.73404E-04    1.50116E-05    
0.41657        5.71146E-09    3.65674E-04    1.56190E-05    
0.44819        4.73573E-09    2.92446E-04    1.61935E-05    
0.47620        4.11506E-09    2.46731E-04    1.66783E-05    
0.50602        3.57568E-09    2.08238E-04    1.71711E-05    
0.53404        3.10698E-09    1.76408E-04    1.76125E-05    
0.56114        2.65796E-09    1.47505E-04    1.80194E-05    
0.58735        2.20386E-09    1.19814E-04    1.83940E-05    
0.61717        1.85611E-09    9.87448E-05    1.87970E-05    
0.64428        1.56329E-09    8.16709E-05    1.91413E-05    
0.67410        1.23689E-09    6.34463E-05    1.94951E-05    
0.70843        9.48607E-10    4.77428E-05    1.98691E-05    
0.74458        6.94213E-10    3.43273E-05    2.02234E-05    
0.77711        5.32398E-10    2.59624E-05    2.05065E-05    
0.81054        3.83592E-10    1.84759E-05    2.07617E-05    
0.84578        2.76368E-10    1.31662E-05    2.09907E-05    
0.88102        1.96037E-10    9.25657E-06    2.11782E-05    
0.91898        1.39056E-10    6.51823E-06    2.13334E-05    
0.96416        9.12264E-11    4.25199E-06    2.14550E-05    
