#theta_nq = 55 +/- 5 deg :: Q2 = 3.5 +/- 0.5 GeV2 :: All (*_syst) errors are relative, dsig / sig [%],  all(*_err) are absolute. 
#pm_bin: central bin with +/- 0.02 GeV. The pwia/fsi Xsec are from Laget calculation. red_dataXsec_avg with nan values have > 50%% stats uncertainty should be ignored.
#Each of the quantities here have been averaged over overlapping (Pm, thnq) bins for Pm=80, 580(sets 1,2) and 750(sets 1,2,3). Energy and angle units are in [Gev] and [deg]  
#!pm_bin[i,0]/  pm_avg[f,1]/  red_dataXsec_avg[f,2]/  rel_stats_err[f,3]/  rel_norm_syst[f,4]/  rel_kin_syst[f,5]/ rel_syst_tot[f,6]/   rel_tot_err[f,7]/
0.020           0.03135       5.68088E+00              10.16                3.66                 1.76                 4.06                 10.94                
0.060           0.05799       1.71593E+00              5.42                 3.66                 4.45                 5.76                 7.91                 
0.100           0.09654       3.21520E-01              5.85                 3.66                 5.97                 7.01                 9.13                 
0.140           0.13567       8.93298E-02              8.62                 3.66                 5.88                 6.92                 11.06                
0.180           0.17490       2.23853E-02              18.36                3.66                 5.14                 6.31                 19.41                
0.220           0.21307       NAN                      71.88                3.66                 4.14                 5.53                 72.09                
0.260           0.25339       NAN                      101.71               3.66                 3.32                 4.94                 101.83               
0.300           0.29356       NAN                      nan                  nan                  nan                  nan                  nan                  
0.340           0.34314       NAN                      nan                  nan                  nan                  nan                  nan                  
0.380           0.38595       5.59781E-04              25.63                5.30                 1.96                 5.65                 26.25                
0.420           0.42326       2.84214E-04              16.63                5.30                 1.77                 5.59                 17.54                
0.460           0.46828       2.16829E-04              11.82                6.51                 2.00                 6.80                 13.63                
0.500           0.50462       1.91949E-04              9.00                 8.41                 2.51                 8.78                 12.57                
0.540           0.54230       1.69112E-04              7.40                 8.41                 2.58                 8.80                 11.50                
0.580           0.58117       1.25412E-04              7.05                 8.41                 2.73                 8.84                 11.31                
0.620           0.62050       9.92010E-05              6.74                 8.41                 2.87                 8.89                 11.15                
0.660           0.66011       9.09309E-05              6.21                 8.41                 3.09                 8.96                 10.90                
0.700           0.69960       8.10597E-05              6.05                 8.41                 3.34                 9.05                 10.88                
0.740           0.73933       6.87813E-05              6.23                 8.41                 3.56                 9.13                 11.05                
0.780           0.77900       6.30654E-05              6.40                 8.41                 3.85                 9.25                 11.25                
0.820           0.81856       5.16239E-05              7.20                 8.41                 4.18                 9.39                 11.83                
0.860           0.85833       5.00020E-05              7.59                 8.41                 4.43                 9.50                 12.16                
0.900           0.89803       3.77447E-05              9.31                 8.41                 4.81                 9.69                 13.44                
0.940           0.93774       2.20978E-05              13.24                8.41                 5.20                 9.89                 16.52                
0.980           0.97741       2.37352E-05              14.04                8.41                 5.65                 10.13                17.31                
1.020           1.01709       2.09706E-05              17.02                8.41                 7.60                 11.33                20.44                
1.060           1.05664       1.30169E-05              25.95                6.53                 25.11                25.95                36.70                
1.100           1.09614       NAN                      27.69                6.53                 0.00                 6.53                 28.45                
1.140           1.13565       NAN                      57.88                3.77                 0.00                 3.77                 58.00                
1.180           1.17194       NAN                      82.31                6.53                 0.00                 6.53                 82.57                
