#theta_nq = 45 +/- 5 deg :: Q2 = 3.5 +/- 0.5 GeV2 :: All (*_syst) errors are relative, dsig / sig [%],  all(*_err) are absolute. 
#pm_bin: central bin with +/- 0.02 GeV. The pwia/fsi Xsec are from Laget calculation. red_dataXsec_avg with nan values have > 50%% stats uncertainty should be ignored.
#Each of the quantities here have been averaged over overlapping (Pm, thnq) bins for Pm=80, 580(sets 1,2) and 750(sets 1,2,3). Energy and angle units are in [Gev] and [deg]  
#!pm_bin[i,0]/  pm_avg[f,1]/  red_dataXsec_avg[f,2]/  rel_stats_err[f,3]/  rel_norm_syst[f,4]/  rel_kin_syst[f,5]/ rel_syst_tot[f,6]/   rel_tot_err[f,7]/
0.020           0.03068       6.49330E+00              11.19                3.66                 2.46                 4.41                 12.03                
0.060           0.05804       1.80699E+00              6.22                 3.66                 5.23                 6.39                 8.91                 
0.100           0.09531       3.64016E-01              7.30                 3.66                 7.08                 7.97                 10.80                
0.140           0.13365       8.33640E-02              13.32                3.66                 6.86                 7.77                 15.43                
0.180           0.16738       4.94696E-02              33.93                3.66                 6.25                 7.24                 34.70                
0.220           0.20273       NAN                      nan                  nan                  nan                  nan                  nan                  
0.260           nan           NAN                      nan                  nan                  nan                  nan                  nan                  
0.300           0.31653       NAN                      120.77               3.76                 1.33                 3.99                 120.83               
0.340           0.34768       4.20104E-04              36.82                5.30                 1.72                 5.57                 37.24                
0.380           0.38332       3.01566E-04              17.06                5.30                 1.50                 5.51                 17.93                
0.420           0.42863       1.61313E-04              13.62                6.51                 1.61                 6.70                 15.18                
0.460           0.46385       1.25089E-04              10.97                8.41                 1.97                 8.64                 13.96                
0.500           0.50159       9.86100E-05              9.51                 8.41                 1.96                 8.63                 12.85                
0.540           0.54044       7.40245E-05              8.97                 8.41                 2.00                 8.64                 12.46                
0.580           0.57974       6.26061E-05              8.39                 8.41                 2.10                 8.67                 12.06                
0.620           0.61922       4.38124E-05              9.09                 8.41                 2.19                 8.69                 12.58                
0.660           0.65889       3.68714E-05              9.49                 8.41                 2.33                 8.73                 12.89                
0.700           0.69869       3.28269E-05              10.07                8.41                 2.52                 8.78                 13.36                
0.740           0.73850       3.02874E-05              10.81                8.41                 2.68                 8.83                 13.96                
0.780           0.77853       2.62080E-05              12.42                7.52                 2.70                 7.99                 14.77                
0.820           0.81836       1.64611E-05              16.49                8.41                 3.21                 9.00                 18.79                
0.860           0.85822       1.61986E-05              17.65                8.41                 3.49                 9.10                 19.86                
0.900           0.89815       1.67930E-05              18.69                7.53                 3.58                 8.34                 20.46                
0.940           0.93824       9.87289E-06              25.96                6.53                 3.56                 7.43                 27.00                
0.980           0.97838       7.98887E-06              30.33                7.52                 4.41                 8.72                 31.56                
1.020           1.01834       6.65554E-06              35.45                6.53                 5.48                 8.53                 36.46                
1.060           1.05790       6.25747E-06              38.86                6.53                 25.32                26.15                46.84                
1.100           1.09761       NAN                      100.03               3.76                 0.00                 3.76                 100.10               
1.140           1.13752       NAN                      42.38                5.32                 0.00                 5.32                 42.71                
1.180           1.17294       NAN                      57.84                3.77                 0.00                 3.77                 57.96                
