#theta_nq = 45 +/- 5 deg :: Q2 = 4.5 +/- 0.5 GeV2 :: All (*_syst) errors are relative, dsig / sig [%],  all(*_err) are absolute. 
#pm_bin: central bin with +/- 0.02 GeV. The pwia/fsi Xsec are from Laget calculation. red_dataXsec_avg with nan values have > 50%% stats uncertainty should be ignored.
#Each of the quantities here have been averaged over overlapping (Pm, thnq) bins for Pm=80, 580(sets 1,2) and 750(sets 1,2,3). Energy and angle units are in [Gev] and [deg]  
#!pm_bin[i,0]/  pm_avg[f,1]/  red_dataXsec_avg[f,2]/  rel_stats_err[f,3]/  rel_norm_syst[f,4]/  rel_kin_syst[f,5]/ rel_syst_tot[f,6]/   rel_tot_err[f,7]/
0.020           0.03147       6.12951E+00              21.33                3.66                 2.06                 4.20                 21.74                
0.060           0.06241       1.33396E+00              6.20                 3.66                 1.87                 4.11                 7.44                 
0.100           0.09921       2.56392E-01              4.58                 3.66                 2.79                 4.60                 6.49                 
0.140           0.13844       6.81619E-02              5.64                 3.66                 3.74                 5.23                 7.69                 
0.180           0.17838       2.09058E-02              8.57                 3.66                 4.24                 5.61                 10.24                
0.220           0.21825       5.25342E-03              16.75                3.66                 4.36                 5.69                 17.69                
0.260           0.25782       2.83263E-03              24.31                3.66                 4.10                 5.50                 24.93                
0.300           0.29790       NAN                      50.03                3.66                 3.49                 5.06                 50.28                
0.340           0.33797       NAN                      57.76                3.66                 2.85                 4.64                 57.95                
0.380           0.37827       NAN                      100.02               3.66                 2.25                 4.30                 100.11               
0.420           0.42655       NAN                      153.69               3.74                 0.87                 3.84                 153.74               
0.460           0.46346       NAN                      74.44                5.23                 1.83                 5.54                 74.65                
0.500           0.50150       1.01565E-04              39.86                5.30                 1.22                 5.44                 40.23                
0.540           0.54628       6.89393E-05              25.86                5.30                 1.25                 5.45                 26.43                
0.580           0.58274       4.37230E-05              22.56                6.51                 1.59                 6.70                 23.53                
0.620           0.62105       4.00389E-05              19.21                6.51                 1.69                 6.73                 20.35                
0.660           0.65942       2.35715E-05              19.55                8.41                 2.37                 8.74                 21.41                
0.700           0.69700       3.33076E-05              13.85                8.41                 2.56                 8.79                 16.40                
0.740           0.73983       1.78688E-05              16.45                8.41                 2.74                 8.85                 18.68                
0.780           0.77941       1.78408E-05              15.02                8.41                 2.99                 8.92                 17.47                
0.820           0.81913       1.49904E-05              15.46                8.41                 3.25                 9.02                 17.90                
0.860           0.85887       8.17710E-06              20.51                8.41                 3.50                 9.11                 22.44                
0.900           0.89857       1.12852E-05              17.45                8.41                 3.85                 9.25                 19.75                
0.940           0.93835       7.34202E-06              23.14                7.53                 3.83                 8.45                 24.64                
0.980           0.97818       1.13769E-05              19.69                7.51                 4.14                 8.58                 21.47                
1.020           1.01796       6.96669E-06              25.22                8.41                 6.49                 10.63                27.37                
1.060           1.05769       4.08780E-06              43.73                6.51                 21.71                22.66                49.26                
1.100           1.09750       NAN                      33.04                8.41                 0.00                 8.41                 34.10                
1.140           1.13705       NAN                      36.62                7.52                 0.00                 7.52                 37.39                
1.180           1.17301       NAN                      55.31                5.32                 0.00                 5.32                 55.57                
