
    # average kinematics results
    # averaged kinematic varibles used as input to calculate the averaged 
    # kinematics: Ei, omega, th_e, pf # variables with _mc attached are from histograms not calculated
    #! th_nq_mc[f,0]/ th_nq_calc[f,1]/ pm[f,2]/ Ei[f,3]/ omega[f,4]/ th_e[f,5]/ q_lab[f,6]/ pf[f,7]/ pm_mc[f,8]/ q_mc[f,9]/ th_pq_cm[f,10]/ beta_cm[f,11]/  Q^2[f,12]/  phi[f,13]/ cos_phi[f,14]/ sin_phi[f,15]/ pm_b[f,16]/ ix[i,17]/ iy[i,18]/ pm_b_av[f,19]/ tot_err[f, 20]/ kin[s,21]/
	55.0 -1.0 0.0 0.0 -0.51099 0.0 0.51099 0.0 0.0 0.0 180.0 0.000273 0.0 0.0 0.0 0.0 0.02  6 1 4.9753745 0.0 750_set2 
55.0 -1.0 0.0 0.0 -0.51099 0.0 0.51099 0.0 0.0 0.0 180.0 0.000273 0.0 0.0 0.0 0.0 0.02  6 1 4.9753745 0.0 750_set1 
55.0 -1.0 0.0 0.0 -0.51099 0.0 0.51099 0.0 0.0 0.0 180.0 0.000273 0.0 0.0 0.0 0.0 0.02  6 1 4.9753745 0.0 750_set3 
55.0 -1.0 0.0 0.0 -0.51099 0.0 0.51099 0.0 0.0 0.0 180.0 0.000273 0.0 0.0 0.0 0.0 0.02  6 1 4.9753745 0.0 580_set1 
55.0 -1.0 0.0 0.0 -0.51099 0.0 0.51099 0.0 0.0 0.0 180.0 0.000273 0.0 0.0 0.0 0.0 0.02  6 1 4.9753745 0.0 580_set2 
55.0 57.513553 31.717401 10599.402428 2140.300735 12.273696 2946.119607 2929.206371 29.852247 2946.118593 1.548331 0.733612 4098733.5025082966 185.35990687469052 -0.287854 -0.027007 0.02  6 1 4.9753745 0.0 80 
55.0 -1.0 0.0 0.0 -0.51099 0.0 0.51099 0.0 0.0 0.0 180.0 0.000273 0.0 0.0 0.0 0.0 0.06  6 2 10.0788555 0.0 750_set2 
55.0 -1.0 0.0 0.0 -0.51099 0.0 0.51099 0.0 0.0 0.0 180.0 0.000273 0.0 0.0 0.0 0.0 0.06  6 2 10.0788555 0.0 750_set1 
55.0 -1.0 0.0 0.0 -0.51099 0.0 0.51099 0.0 0.0 0.0 180.0 0.000273 0.0 0.0 0.0 0.0 0.06  6 2 10.0788555 0.0 750_set3 
55.0 -1.0 0.0 0.0 -0.51099 0.0 0.51099 0.0 0.0 0.0 180.0 0.000273 0.0 0.0 0.0 0.0 0.06  6 2 10.0788555 0.0 580_set1 
55.0 -1.0 0.0 0.0 -0.51099 0.0 0.51099 0.0 0.0 0.0 180.0 0.000273 0.0 0.0 0.0 0.0 0.06  6 2 10.0788555 0.0 580_set2 
55.0 55.983758 62.178848 10598.952293 2124.798759 12.357833 2945.655717 2911.327362 60.473133 2945.659637 3.031037 0.736339 4162117.836846845 182.71126023500932 -0.334067 -0.01582 0.06  6 2 10.0788555 0.0 80 
55.0 -1.0 0.0 0.0 -0.51099 0.0 0.51099 0.0 0.0 0.0 180.0 0.000273 0.0 0.0 0.0 0.0 0.1  6 3 16.261232333333332 0.0 750_set2 
55.0 -1.0 0.0 0.0 -0.51099 0.0 0.51099 0.0 0.0 0.0 180.0 0.000273 0.0 0.0 0.0 0.0 0.1  6 3 16.261232333333332 0.0 750_set1 
55.0 -1.0 0.0 0.0 -0.51099 0.0 0.51099 0.0 0.0 0.0 180.0 0.000273 0.0 0.0 0.0 0.0 0.1  6 3 16.261232333333332 0.0 750_set3 
55.0 -1.0 0.0 0.0 -0.51099 0.0 0.51099 0.0 0.0 0.0 180.0 0.000273 0.0 0.0 0.0 0.0 0.1  6 3 16.261232333333332 0.0 580_set1 
55.0 -1.0 0.0 0.0 -0.51099 0.0 0.51099 0.0 0.0 0.0 180.0 0.000273 0.0 0.0 0.0 0.0 0.1  6 3 16.261232333333332 0.0 580_set2 
55.0 55.622588 99.275528 10598.69957 2112.166389 12.462839 2949.610094 2894.714832 97.567394 2949.575663 4.903148 0.739663 4238952.85180539 180.38646547701416 -0.244915 -0.001652 0.1  6 3 16.261232333333332 0.0 80 
55.0 -1.0 0.0 0.0 -0.51099 0.0 0.51099 0.0 0.0 0.0 180.0 0.000273 0.0 0.0 0.0 0.0 0.14  6 4 22.793315333333336 0.0 750_set2 
55.0 -1.0 0.0 0.0 -0.51099 0.0 0.51099 0.0 0.0 0.0 180.0 0.000273 0.0 0.0 0.0 0.0 0.14  6 4 22.793315333333336 0.0 750_set1 
55.0 -1.0 0.0 0.0 -0.51099 0.0 0.51099 0.0 0.0 0.0 180.0 0.000273 0.0 0.0 0.0 0.0 0.14  6 4 22.793315333333336 0.0 750_set3 
55.0 -1.0 0.0 0.0 -0.51099 0.0 0.51099 0.0 0.0 0.0 180.0 0.000273 0.0 0.0 0.0 0.0 0.14  6 4 22.793315333333336 0.0 580_set1 
55.0 -1.0 0.0 0.0 -0.51099 0.0 0.51099 0.0 0.0 0.0 180.0 0.000273 0.0 0.0 0.0 0.0 0.14  6 4 22.793315333333336 0.0 580_set2 
55.0 55.371815 138.325737 10598.660469 2099.296554 12.557047 2952.381836 2876.031637 136.759892 2952.349663 6.932587 0.742755 4309512.483906456 178.74839777252666 -0.056481 0.001234 0.14  6 4 22.793315333333336 0.0 80 
55.0 -1.0 0.0 0.0 -0.51099 0.0 0.51099 0.0 0.0 0.0 180.0 0.000273 0.0 0.0 0.0 0.0 0.18  6 5 29.500191333333333 0.0 750_set2 
55.0 -1.0 0.0 0.0 -0.51099 0.0 0.51099 0.0 0.0 0.0 180.0 0.000273 0.0 0.0 0.0 0.0 0.18  6 5 29.500191333333333 0.0 750_set1 
55.0 -1.0 0.0 0.0 -0.51099 0.0 0.51099 0.0 0.0 0.0 180.0 0.000273 0.0 0.0 0.0 0.0 0.18  6 5 29.500191333333333 0.0 750_set3 
55.0 -1.0 0.0 0.0 -0.51099 0.0 0.51099 0.0 0.0 0.0 180.0 0.000273 0.0 0.0 0.0 0.0 0.18  6 5 29.500191333333333 0.0 580_set1 
55.0 -1.0 0.0 0.0 -0.51099 0.0 0.51099 0.0 0.0 0.0 180.0 0.000273 0.0 0.0 0.0 0.0 0.18  6 5 29.500191333333333 0.0 580_set2 
55.0 55.190755 178.549331 10598.633766 2080.645546 12.61505 2947.517819 2849.36738 177.001148 2947.471857 9.098492 0.745027 4358775.405232879 358.51346988090967 0.0973 -0.002525 0.18  6 5 29.500191333333333 0.0 80 
55.0 -1.0 0.0 0.0 -0.51099 0.0 0.51099 0.0 0.0 0.0 180.0 0.000273 0.0 0.0 0.0 0.0 0.22  6 6 36.176468 0.0 750_set2 
55.0 -1.0 0.0 0.0 -0.51099 0.0 0.51099 0.0 0.0 0.0 180.0 0.000273 0.0 0.0 0.0 0.0 0.22  6 6 36.176468 0.0 750_set1 
55.0 -1.0 0.0 0.0 -0.51099 0.0 0.51099 0.0 0.0 0.0 180.0 0.000273 0.0 0.0 0.0 0.0 0.22  6 6 36.176468 0.0 750_set3 
55.0 -1.0 0.0 0.0 -0.51099 0.0 0.51099 0.0 0.0 0.0 180.0 0.000273 0.0 0.0 0.0 0.0 0.22  6 6 36.176468 0.0 580_set1 
55.0 -1.0 0.0 0.0 -0.51099 0.0 0.51099 0.0 0.0 0.0 180.0 0.000273 0.0 0.0 0.0 0.0 0.22  6 6 36.176468 0.0 580_set2 
55.0 55.152917 218.424623 10598.655701 2061.166748 12.647117 2939.271933 2820.169449 217.058808 2939.238071 11.325762 0.746619 4390911.133060659 359.1229500843278 0.19734 -0.003021 0.22  6 6 36.176468 0.0 80 
55.0 -1.0 0.0 0.0 -0.51099 0.0 0.51099 0.0 0.0 0.0 180.0 0.000273 0.0 0.0 0.0 0.0 0.26  6 7 42.884459166666666 0.0 750_set2 
55.0 -1.0 0.0 0.0 -0.51099 0.0 0.51099 0.0 0.0 0.0 180.0 0.000273 0.0 0.0 0.0 0.0 0.26  6 7 42.884459166666666 0.0 750_set1 
55.0 -1.0 0.0 0.0 -0.51099 0.0 0.51099 0.0 0.0 0.0 180.0 0.000273 0.0 0.0 0.0 0.0 0.26  6 7 42.884459166666666 0.0 750_set3 
55.0 -1.0 0.0 0.0 -0.51099 0.0 0.51099 0.0 0.0 0.0 180.0 0.000273 0.0 0.0 0.0 0.0 0.26  6 7 42.884459166666666 0.0 580_set1 
55.0 -1.0 0.0 0.0 -0.51099 0.0 0.51099 0.0 0.0 0.0 180.0 0.000273 0.0 0.0 0.0 0.0 0.26  6 7 42.884459166666666 0.0 580_set2 
55.0 55.288005 258.683483 10598.635674 2055.713638 12.708876 2943.211674 2803.978682 257.306755 2943.137407 13.609886 0.748657 4436536.396510688 359.1489287099931 0.22255 -0.003306 0.26  6 7 42.884459166666666 0.0 80 
55.0 -1.0 0.0 0.0 -0.51099 0.0 0.51099 0.0 0.0 0.0 180.0 0.000273 0.0 0.0 0.0 0.0 0.3  6 8 49.65599866666667 0.0 750_set2 
55.0 -1.0 0.0 0.0 -0.51099 0.0 0.51099 0.0 0.0 0.0 180.0 0.000273 0.0 0.0 0.0 0.0 0.3  6 8 49.65599866666667 0.0 750_set1 
55.0 -1.0 0.0 0.0 -0.51099 0.0 0.51099 0.0 0.0 0.0 180.0 0.000273 0.0 0.0 0.0 0.0 0.3  6 8 49.65599866666667 0.0 750_set3 
55.0 -1.0 0.0 0.0 -0.51099 0.0 0.51099 0.0 0.0 0.0 180.0 0.000273 0.0 0.0 0.0 0.0 0.3  6 8 49.65599866666667 0.0 580_set1 
55.0 -1.0 0.0 0.0 -0.51099 0.0 0.51099 0.0 0.0 0.0 180.0 0.000273 0.0 0.0 0.0 0.0 0.3  6 8 49.65599866666667 0.0 580_set2 
55.0 55.363487 298.810703 10598.590851 2053.894028 12.76728 2949.004775 2790.023565 297.935992 2948.999405 15.908324 0.750478 4478148.484718735 4.536120734481808 0.227614 0.018058 0.3  6 8 49.65599866666667 0.0 80 
55.0 -1.0 0.0 0.0 -0.51099 0.0 0.51099 0.0 0.0 0.0 180.0 0.000273 0.0 0.0 0.0 0.0 0.34  6 9 56.36558433333334 0.0 750_set2 
55.0 -1.0 0.0 0.0 -0.51099 0.0 0.51099 0.0 0.0 0.0 180.0 0.000273 0.0 0.0 0.0 0.0 0.34  6 9 56.36558433333334 0.0 750_set1 
55.0 -1.0 0.0 0.0 -0.51099 0.0 0.51099 0.0 0.0 0.0 180.0 0.000273 0.0 0.0 0.0 0.0 0.34  6 9 56.36558433333334 0.0 750_set3 
55.0 -1.0 0.0 0.0 -0.51099 0.0 0.51099 0.0 0.0 0.0 180.0 0.000273 0.0 0.0 0.0 0.0 0.34  6 9 56.36558433333334 0.0 580_set1 
55.0 -1.0 0.0 0.0 -0.51099 0.0 0.51099 0.0 0.0 0.0 180.0 0.000273 0.0 0.0 0.0 0.0 0.34  6 9 56.36558433333334 0.0 580_set2 
55.0 55.488435 338.860858 10598.542213 2054.018005 12.812973 2954.488817 2776.575327 338.193506 2954.512596 18.23013 0.751849 4510014.204913879 5.065283658375743 0.230976 0.020473 0.34  6 9 56.36558433333334 0.0 80 
55.0 -1.0 0.0 0.0 -0.51099 0.0 0.51099 0.0 0.0 0.0 180.0 0.000273 0.0 0.0 0.0 0.0 0.38  6 10 63.06549416666667 0.0 750_set2 
55.0 -1.0 0.0 0.0 -0.51099 0.0 0.51099 0.0 0.0 0.0 180.0 0.000273 0.0 0.0 0.0 0.0 0.38  6 10 63.06549416666667 0.0 750_set1 
55.0 -1.0 0.0 0.0 -0.51099 0.0 0.51099 0.0 0.0 0.0 180.0 0.000273 0.0 0.0 0.0 0.0 0.38  6 10 63.06549416666667 0.0 750_set3 
55.0 -1.0 0.0 0.0 -0.51099 0.0 0.51099 0.0 0.0 0.0 180.0 0.000273 0.0 0.0 0.0 0.0 0.38  6 10 63.06549416666667 0.0 580_set1 
55.0 -1.0 0.0 0.0 -0.51099 0.0 0.51099 0.0 0.0 0.0 180.0 0.000273 0.0 0.0 0.0 0.0 0.38  6 10 63.06549416666667 0.0 580_set2 
55.0 55.662699 379.080993 10598.628998 2057.516083 12.851288 2961.167366 2765.115976 378.392965 2961.172342 20.570402 0.752879 4535139.737659716 8.534915187279896 0.22281 0.033438 0.38  6 10 63.06549416666667 0.0 80 
55.0 -1.0 0.0 0.0 -0.51099 0.0 0.51099 0.0 0.0 0.0 180.0 0.000273 0.0 0.0 0.0 0.0 0.42  6 11 69.74761183333334 0.0 750_set2 
55.0 -1.0 0.0 0.0 -0.51099 0.0 0.51099 0.0 0.0 0.0 180.0 0.000273 0.0 0.0 0.0 0.0 0.42  6 11 69.74761183333334 0.0 750_set1 
55.0 -1.0 0.0 0.0 -0.51099 0.0 0.51099 0.0 0.0 0.0 180.0 0.000273 0.0 0.0 0.0 0.0 0.42  6 11 69.74761183333334 0.0 750_set3 
55.0 -1.0 0.0 0.0 -0.51099 0.0 0.51099 0.0 0.0 0.0 180.0 0.000273 0.0 0.0 0.0 0.0 0.42  6 11 69.74761183333334 0.0 580_set1 
55.0 -1.0 0.0 0.0 -0.51099 0.0 0.51099 0.0 0.0 0.0 180.0 0.000273 0.0 0.0 0.0 0.0 0.42  6 11 69.74761183333334 0.0 580_set2 
55.0 55.755073 419.002 10598.639488 2064.475998 12.889562 2969.92133 2755.987167 418.485671 2969.957829 22.868084 0.753771 4558371.560070873 4.3649375879920775 0.20917 0.015966 0.42  6 11 69.74761183333334 0.0 80 
55.0 -1.0 0.0 0.0 -0.51099 0.0 0.51099 0.0 0.0 0.0 180.0 0.000273 0.0 0.0 0.0 0.0 0.46  6 12 233.50949583333332 0.0 750_set2 
55.0 -1.0 0.0 0.0 -0.51099 0.0 0.51099 0.0 0.0 0.0 180.0 0.000273 0.0 0.0 0.0 0.0 0.46  6 12 233.50949583333332 0.0 750_set1 
55.0 -1.0 0.0 0.0 -0.51099 0.0 0.51099 0.0 0.0 0.0 180.0 0.000273 0.0 0.0 0.0 0.0 0.46  6 12 233.50949583333332 0.0 750_set3 
55.0 55.926828 458.809131 10598.604202 2075.163826 12.921212 2980.138312 2749.481916 458.381623 2980.196953 25.139653 0.754318 4574919.453911251 4.687624568094756 0.189335 0.015525 0.46  6 12 233.50949583333332 0.0 80 
55.0 50.851348 469.776423 10599.658012 1668.92241 11.594915 2578.536438 2310.84919 469.67724 2578.526497 28.128678 0.727469 3863548.15149352 179.2666519547019 -0.996169 0.012751 0.46  6 12 233.50949583333332 0.0 580_set1 
55.0 50.632307 473.04018 10600.41523 1661.111817 11.574562 2571.634433 2300.836563 472.998112 2571.633101 28.373531 0.727124 3854011.188414191 189.0952704718496 -0.982701 -0.15732 0.46  6 12 233.50949583333332 0.0 580_set2 
55.0 -1.0 0.0 0.0 -0.51099 0.0 0.51099 0.0 0.0 0.0 180.0 0.000273 0.0 0.0 0.0 0.0 0.5  6 13 251.74500566666666 0.0 750_set2 
55.0 -1.0 0.0 0.0 -0.51099 0.0 0.51099 0.0 0.0 0.0 180.0 0.000273 0.0 0.0 0.0 0.0 0.5  6 13 251.74500566666666 0.0 750_set1 
55.0 -1.0 0.0 0.0 -0.51099 0.0 0.51099 0.0 0.0 0.0 180.0 0.000273 0.0 0.0 0.0 0.0 0.5  6 13 251.74500566666666 0.0 750_set3 
55.0 55.995666 498.534041 10598.525047 2087.206825 12.948432 2990.65157 2743.154764 498.228312 2990.772724 27.364764 0.754678 4587564.482816884 3.377466085886299 0.169072 0.009978 0.5  6 13 251.74500566666666 0.0 80 
55.0 51.233038 505.825043 10599.795341 1696.090684 11.683091 2605.231602 2322.24226 505.707026 2605.248451 30.304849 0.729409 3910508.091707898 180.60110855669663 -0.981537 -0.010298 0.5  6 13 251.74500566666666 0.0 580_set1 
55.0 51.215761 506.64626 10599.799156 1697.20839 11.688577 2606.567943 2323.027611 506.534696 2606.589079 30.344099 0.729555 3913680.1223888597 179.1748329945613 -0.986053 0.014202 0.5  6 13 251.74500566666666 0.0 580_set2 
55.0 -1.0 0.0 0.0 -0.51099 0.0 0.51099 0.0 0.0 0.0 180.0 0.000273 0.0 0.0 0.0 0.0 0.54  6 14 270.77540750000003 0.0 750_set2 
55.0 -1.0 0.0 0.0 -0.51099 0.0 0.51099 0.0 0.0 0.0 180.0 0.000273 0.0 0.0 0.0 0.0 0.54  6 14 270.77540750000003 0.0 750_set1 
55.0 -1.0 0.0 0.0 -0.51099 0.0 0.51099 0.0 0.0 0.0 180.0 0.000273 0.0 0.0 0.0 0.0 0.54  6 14 270.77540750000003 0.0 750_set3 
55.0 56.094661 537.758816 10598.50502 2100.730881 12.964498 3000.774921 2737.430573 537.47195 3000.909328 29.528026 0.754657 4591579.89211552 9.166530323891495 0.150714 0.02432 0.54  6 14 270.77540750000003 0.0 80 
55.0 51.389633 543.193756 10599.357605 1723.224625 11.771476 2631.869514 2331.861258 543.08635 2631.892681 32.483005 0.731312 3957234.030516205 180.47420934193747 -0.972247 -0.008047 0.54  6 14 270.77540750000003 0.0 580_set1 
55.0 51.337396 544.208566 10598.916054 1724.396691 11.779801 2633.528506 2332.576752 544.094145 2633.549929 32.526717 0.731534 3961928.443982844 179.99429526998958 -0.974225 9.7e-05 0.54  6 14 270.77540750000003 0.0 580_set2 
55.0 -1.0 0.0 0.0 -0.51099 0.0 0.51099 0.0 0.0 0.0 180.0 0.000273 0.0 0.0 0.0 0.0 0.58  6 15 289.9259825 0.0 750_set2 
55.0 -1.0 0.0 0.0 -0.51099 0.0 0.51099 0.0 0.0 0.0 180.0 0.000273 0.0 0.0 0.0 0.0 0.58  6 15 289.9259825 0.0 750_set1 
55.0 -1.0 0.0 0.0 -0.51099 0.0 0.51099 0.0 0.0 0.0 180.0 0.000273 0.0 0.0 0.0 0.0 0.58  6 15 289.9259825 0.0 750_set3 
55.0 56.043741 577.103946 10598.499298 2119.373306 12.997695 3016.063142 2735.918045 576.818645 3016.244173 31.606933 0.754963 4604893.666345542 28.278854125750442 0.129041 0.06942 0.58  6 15 289.9259825 0.0 80 
55.0 51.488111 581.470532 10599.090576 1741.208062 11.81217 2647.273553 2330.059528 581.354856 2647.30525 34.762831 0.731934 3976251.7492394485 179.9897564339136 -0.962055 0.000172 0.58  6 15 289.9259825 0.0 580_set1 
55.0 51.46556 581.517132 10599.347115 1742.048249 11.81694 2648.399287 2330.938816 581.382394 2648.425817 34.752648 0.732076 3979286.6815381437 179.3843159804031 -0.960346 0.01032 0.58  6 15 289.9259825 0.0 580_set2 
55.0 55.869455 614.933272 10598.200798 2141.535744 13.045683 3035.221402 2737.927198 614.723802 3035.485744 33.519451 0.755567 4626393.616329215 38.71170317226898 0.1036 0.083034 0.62  6 16 624.7439483333334 0.0 80 
55.0 50.352526 617.368071 10600.48008 1653.310761 11.490106 2556.357328 2214.070797 617.374063 2556.357384 37.931014 0.724402 3801526.315980901 172.1429484709172 -0.990612 0.136702 0.62  6 16 624.7439483333334 0.0 750_set3 
55.0 51.562232 620.656234 10598.921776 1762.843117 11.855781 2665.193059 2330.620766 620.570481 2665.235758 37.011531 0.732507 3995638.1865875027 180.00815185690337 -0.948855 -0.000135 0.62  6 16 624.7439483333334 0.0 580_set2 
55.0 51.534442 620.823343 10598.921776 1763.281807 11.859596 2665.92677 2330.994368 620.692372 2665.955782 37.012477 0.732621 3998002.812105448 179.82489152667344 -0.949209 0.002901 0.62  6 16 624.7439483333334 0.0 580_set1 
55.0 50.083561 637.47976 10601.093292 1677.433953 11.58959 2582.87836 2228.133917 637.482285 2582.879066 38.883956 0.726948 3857475.9558790843 185.0738953889318 -0.987843 -0.087709 0.62  6 16 624.7439483333334 0.0 750_set1 
55.0 50.081195 637.620232 10601.089478 1677.428231 11.589587 2582.874167 2228.042126 637.620687 2582.87406 38.892723 0.726948 3857473.4924001545 185.07162550284593 -0.987848 -0.08767 0.62  6 16 624.7439483333334 0.0 750_set2 
55.0 55.747715 650.831207 10597.964287 2175.475105 13.129387 3065.834749 2752.601862 650.605381 3066.18762 35.189304 0.756793 4666650.775701133 75.82111062326797 0.053476 0.211663 0.66  6 17 660.977006 0.0 80 
55.0 51.606802 660.012156 10598.716736 1786.112771 11.895498 2683.615665 2331.815004 659.900129 2683.653593 39.194911 0.732883 4011594.2067040927 179.90821559215362 -0.939485 0.001505 0.66  6 17 660.977006 0.0 580_set2 
55.0 51.577491 660.308824 10598.711967 1786.284432 11.898262 2684.060675 2331.816196 660.210073 2684.095383 39.206825 0.732971 4013369.635075894 179.78480754644423 -0.937741 0.003522 0.66  6 17 660.977006 0.0 580_set1 
55.0 50.593569 663.265704 10599.740982 1706.342682 11.638071 2605.30717 2243.569613 663.193524 2605.316401 40.249373 0.727343 3876020.101638456 179.86354612708223 -0.988422 0.002354 0.66  6 17 660.977006 0.0 750_set2 
55.0 50.581932 664.708074 10599.607468 1698.008523 11.601566 2595.874004 2233.630419 664.64138 2595.874548 40.449446 0.726399 3855328.90046235 181.55705943453106 -0.988577 -0.026872 0.66  6 17 660.977006 0.0 750_set3 
55.0 50.643729 667.375264 10599.699974 1712.582574 11.65429 2610.933321 2247.758389 667.311549 2610.937834 40.436547 0.727646 3884033.7339396235 178.99703987410408 -0.987448 0.017287 0.66  6 17 660.977006 0.0 750_set1 
55.0 57.371342 683.845831 10598.041534 2277.18161 13.30411 3149.428394 2839.718819 683.700085 3149.798632 36.217043 0.758388 4733343.124011226 261.3406548823387 -0.11102 -0.728978 0.7  6 18 696.9094476666666 0.0 80 
55.0 50.762021 698.684709 10599.33567 1723.370537 11.638628 2615.081116 2239.497662 698.604167 2615.095854 42.283656 0.726617 3868643.235460136 180.0341883621766 -0.978717 -0.000584 0.7  6 18 696.9094476666666 0.0 750_set2 
55.0 51.567707 699.461779 10598.527908 1809.356675 11.930001 2701.441526 2331.947327 699.329436 2701.471329 41.317021 0.733098 4024014.7410301534 179.1475490920395 -0.924917 0.013762 0.7  6 18 696.9094476666666 0.0 580_set2 
55.0 50.671603 699.511878 10599.561691 1722.345337 11.640603 2614.775968 2237.850666 699.434221 2614.786386 42.336375 0.726739 3870579.902944693 179.63812909738638 -0.979746 0.006188 0.7  6 18 696.9094476666666 0.0 750_set1 
55.0 51.58738 699.547399 10598.453522 1809.452042 11.928535 2701.303326 2331.99501 699.437737 2701.337099 41.323657 0.733041 4022922.9667606936 178.95861156648107 -0.926687 0.016845 0.7  6 18 696.9094476666666 0.0 580_set1 
55.0 50.587324 701.026978 10599.680901 1725.417122 11.658467 2618.825026 2240.199566 700.95104 2618.836403 42.377016 0.727244 3881180.2719131378 179.96589592953072 -0.981136 0.000584 0.7  6 18 696.9094476666666 0.0 750_set3 
55.0 -1.0 0.0 0.0 -0.51099 0.0 0.51099 0.0 0.0 0.0 180.0 0.000273 0.0 0.0 0.0 0.0 0.74  6 19 616.9743735000001 0.0 80 
55.0 51.567897 738.856091 10598.300934 1834.27237 11.956481 2719.327037 2332.996845 738.815784 2719.396591 43.362953 0.732995 4030184.4068137826 179.27327718403814 -0.914589 0.011601 0.74  6 19 616.9743735000001 0.0 580_set2 
55.0 51.580471 739.321867 10598.387718 1834.697708 11.955927 2719.522982 2333.144903 739.241242 2719.57922 43.386593 0.732964 4029689.5698857186 178.34460013110373 -0.912519 0.026372 0.74  6 19 616.9743735000001 0.0 580_set1 
55.0 50.578929 741.070598 10599.601746 1747.512803 11.676447 2633.849469 2237.726212 741.005421 2633.859396 44.551059 0.726956 3883362.028702666 178.92489537596654 -0.973233 0.018264 0.74  6 19 616.9743735000001 0.0 750_set3 
55.0 50.605715 741.123518 10599.434853 1749.751076 11.683578 2636.019964 2240.11755 741.067171 2636.030912 44.526136 0.727105 3886972.422643404 178.02006258489894 -0.972601 0.033623 0.74  6 19 616.9743735000001 0.0 750_set1 
55.0 50.600405 741.785293 10599.088669 1749.027237 11.680006 2635.097684 2238.888264 741.716623 2635.108948 44.576269 0.726996 3884643.5284543084 177.97831227523005 -0.971933 0.034309 0.74  6 19 616.9743735000001 0.0 750_set2 
55.0 -1.0 0.0 0.0 -0.51099 0.0 0.51099 0.0 0.0 0.0 180.0 0.000273 0.0 0.0 0.0 0.0 0.78  6 20 649.7230431666667 0.0 80 
55.0 51.545374 778.704795 10598.272324 1860.859856 11.979381 2737.897491 2334.670782 778.595388 2737.920761 45.351361 0.73275 4033283.267551755 176.72167982257102 -0.899354 0.051515 0.78  6 20 649.7230431666667 0.0 580_set1 
55.0 51.535296 778.817625 10598.199844 1861.392006 11.98252 2738.587818 2335.166693 778.784037 2738.662004 45.349722 0.73283 4035083.036897297 177.4207890831298 -0.901653 0.040616 0.78  6 20 649.7230431666667 0.0 580_set2 
55.0 50.615567 779.447817 10599.269867 1775.567994 11.707843 2654.091261 2241.972685 779.383898 2654.106855 46.483028 0.726914 3891558.720399386 180.29748037004762 -0.966476 -0.005018 0.78  6 20 649.7230431666667 0.0 750_set2 
55.0 50.57673 780.415989 10599.046707 1776.131615 11.712251 2654.937587 2241.913319 780.356348 2654.951572 46.528488 0.727033 3894050.0770628736 180.28961703303523 -0.968186 -0.004894 0.78  6 20 649.7230431666667 0.0 750_set1 
55.0 50.630792 781.27934 10598.648071 1778.561577 11.715552 2656.712974 2243.949175 781.218588 2656.720638 46.551177 0.727036 3894842.543039198 180.88133757686745 -0.968573 -0.0149 0.78  6 20 649.7230431666667 0.0 750_set3 
55.0 -1.0 0.0 0.0 -0.51099 0.0 0.51099 0.0 0.0 0.0 180.0 0.000273 0.0 0.0 0.0 0.0 0.82  6 21 682.4489333333333 0.0 80 
55.0 51.442832 818.149928 10598.221779 1888.704285 12.006308 2757.828727 2337.153196 818.065822 2757.871389 47.231396 0.732624 4038415.41128908 176.15928219881144 -0.886484 0.059513 0.82  6 21 682.4489333333333 0.0 580_set2 
55.0 51.41474 818.301091 10598.1884 1888.134941 12.006665 2757.525065 2336.432695 818.265676 2757.58791 47.245254 0.732655 4038890.9286781796 177.05238183681067 -0.883221 0.045478 0.82  6 21 682.4489333333333 0.0 580_set1 
55.0 50.638307 818.341152 10598.118782 1803.93599 11.730457 2673.433629 2245.414972 818.294644 2673.449993 48.377022 0.726566 3893062.31265083 179.97300856987522 -0.961601 0.000453 0.82  6 21 682.4489333333333 0.0 750_set2 
55.0 50.632471 819.051961 10598.896027 1803.812966 11.727693 2673.136515 2244.775534 818.993986 2673.14887 48.419964 0.72651 3891917.6115166293 179.76093211872038 -0.958887 0.004001 0.82  6 21 682.4489333333333 0.0 750_set1 
55.0 50.602131 821.132325 10598.874092 1804.879174 11.730073 2674.058938 2244.448423 821.073472 2674.073935 48.523079 0.72655 3893002.3711587666 178.94844113729954 -0.961688 0.017652 0.82  6 21 682.4489333333333 0.0 750_set3 
55.0 -1.0 0.0 0.0 -0.51099 0.0 0.51099 0.0 0.0 0.0 180.0 0.000273 0.0 0.0 0.0 0.0 0.86  6 22 715.3436541666666 0.0 80 
55.0 51.350139 857.60768 10598.096848 1915.766701 12.018793 2775.656735 2338.017941 857.552052 2775.707245 49.066332 0.732097 4034108.257890437 175.05781284644866 -0.865228 0.074818 0.86  6 22 715.3436541666666 0.0 580_set1 
55.0 51.357138 858.09638 10598.053932 1916.222557 12.018476 2775.888448 2338.154078 858.017445 2775.925636 49.087633 0.73207 4033647.7877842314 174.93566579380357 -0.866721 0.076809 0.86  6 22 715.3436541666666 0.0 580_set2 
55.0 50.479997 858.647769 10598.769188 1829.671845 11.745152 2690.649243 2244.222879 858.594 2690.664768 50.314375 0.726166 3891894.288470768 178.81121420127195 -0.951752 0.01975 0.86  6 22 715.3436541666666 0.0 750_set1 
55.0 50.518612 858.836899 10598.836899 1830.300316 11.742685 2690.73233 2244.765759 858.789742 2690.749407 50.318922 0.726065 3890041.2249575276 178.31323436011 -0.952149 0.028039 0.86  6 22 715.3436541666666 0.0 750_set2 
55.0 50.529188 859.154556 10598.797798 1829.741463 11.738083 2689.827698 2243.927717 859.108686 2689.841747 50.346531 0.725931 3887219.223506599 179.04257106881892 -0.958841 0.016024 0.86  6 22 715.3436541666666 0.0 750_set3 
55.0 -1.0 0.0 0.0 -0.51099 0.0 0.51099 0.0 0.0 0.0 180.0 0.000273 0.0 0.0 0.0 0.0 0.9  6 23 747.7067213333333 0.0 80 
55.0 50.447732 896.879605 10598.58036 1857.969269 11.753534 2708.643844 2246.606588 896.848023 2708.658695 52.046747 0.725482 3884701.669090703 179.69689114467167 -0.948529 0.005018 0.9  6 23 747.7067213333333 0.0 750_set3 
55.0 50.490667 897.005766 10598.061562 1856.347069 11.741215 2706.088489 2244.754076 896.957815 2706.102133 52.08193 0.725112 3876890.469713414 179.2971001165832 -0.942574 0.011564 0.9  6 23 747.7067213333333 0.0 750_set1 
55.0 50.494089 897.306328 10596.9944 1858.255371 11.749507 2708.089742 2246.59729 897.260547 2708.099365 52.069456 0.725278 3880637.0268752794 179.3586663323072 -0.942035 0.010545 0.9  6 23 747.7067213333333 0.0 750_set2 
55.0 51.221916 897.479418 10598.041534 1944.809899 12.032872 2795.039011 2339.989185 897.419095 2795.085192 50.836978 0.731605 4029957.529763467 171.74520892308263 -0.847238 0.122916 0.9  6 23 747.7067213333333 0.0 580_set1 
55.0 51.209133 897.813778 10598.095894 1944.993958 12.034122 2795.309233 2339.938641 897.754848 2795.353413 50.851698 0.731641 4030752.2114385418 173.0178373176643 -0.84843 0.103906 0.9  6 23 747.7067213333333 0.0 580_set2 
55.0 -1.0 0.0 0.0 -0.51099 0.0 0.51099 0.0 0.0 0.0 180.0 0.000273 0.0 0.0 0.0 0.0 0.94  6 24 780.6978720000001 0.0 80 
55.0 50.423667 935.968804 10598.343849 1886.9562 11.750745 2725.875962 2248.443365 935.928106 2725.89016 53.759861 0.724473 3869796.059490986 177.00495352783787 -0.946884 0.049542 0.94  6 24 780.6978720000001 0.0 750_set1 
55.0 50.414343 935.998807 10598.408699 1886.86274 11.751391 2725.906357 2248.319149 935.953259 2725.919485 53.762466 0.724499 3870314.467532703 179.85398437511753 -0.942138 0.002401 0.94  6 24 780.6978720000001 0.0 750_set3 
55.0 51.071479 937.265247 10598.012924 1974.42244 12.043171 2814.487265 2341.949463 937.208652 2814.524412 52.538035 0.731029 4022994.5932716276 171.700475457793 -0.836479 0.122022 0.94  6 24 780.6978720000001 0.0 580_set1 
55.0 51.078266 937.394879 10598.051071 1974.211678 12.040812 2814.083721 2341.623783 937.340796 2814.122677 52.548347 0.730965 4021555.4392456305 171.3342340124773 -0.836946 0.127559 0.94  6 24 780.6978720000001 0.0 580_set2 
55.0 50.394381 937.80136 10597.657204 1886.184677 11.74552 2724.673768 2246.205091 937.756419 2724.683762 53.870817 0.724302 3866154.506277724 177.34938700637937 -0.945697 0.043781 0.94  6 24 780.6978720000001 0.0 750_set2 
55.0 -1.0 0.0 0.0 -0.51099 0.0 0.51099 0.0 0.0 0.0 180.0 0.000273 0.0 0.0 0.0 0.0 0.98  6 25 813.9955798333334 0.0 80 
55.0 50.350099 976.406342 10598.402977 1918.109879 11.748304 2744.732097 2250.948429 976.365328 2744.743586 55.452059 0.723494 3854408.776384623 171.14312752141487 -0.922883 0.143808 0.98  6 25 813.9955798333334 0.0 750_set3 
55.0 50.971172 976.686491 10597.934723 2003.996834 12.038499 2832.319988 2343.50729 976.641893 2832.355261 54.16954 0.730053 4006033.2037422974 168.98583070940316 -0.826025 0.160775 0.98  6 25 813.9955798333334 0.0 580_set1 
55.0 50.942389 976.883844 10598.11306 2004.527077 12.043986 2833.320446 2343.925238 976.839542 2833.35948 54.170843 0.730211 4009575.947295476 169.3685507962136 -0.827124 0.155262 0.98  6 25 813.9955798333334 0.0 580_set2 
55.0 50.317803 976.997245 10598.434448 1921.59079 11.766102 2749.007258 2254.257917 976.954162 2749.018192 55.42687 0.723956 3864529.7403238555 177.76624603717522 -0.946518 0.03692 0.98  6 25 813.9955798333334 0.0 750_set2 
55.0 50.315223 977.216741 10598.314285 1918.370232 11.751398 2745.248425 2250.597715 977.172554 2745.254993 55.489848 0.72358 3856244.5679412484 177.7650930051959 -0.941955 0.036761 0.98  6 25 813.9955798333334 0.0 750_set1 
55.0 -1.0 0.0 0.0 -0.51099 0.0 0.51099 0.0 0.0 0.0 180.0 0.000273 0.0 0.0 0.0 0.0 1.02  6 26 845.947822 0.0 80 
55.0 50.385256 1013.42786 10598.564148 1954.191193 11.755077 2767.994211 2260.87594 1013.393879 2768.00561 56.832443 0.722751 3842928.7333307504 170.08412737588444 -0.943566 0.164948 1.02  6 26 845.947822 0.0 750_set2 
55.0 50.286089 1013.538991 10595.324516 1949.34462 11.751836 2764.109484 2255.539417 1013.524652 2764.112234 56.913453 0.722652 3840356.792015802 163.2812556946945 -0.936635 0.281338 1.02  6 26 845.947822 0.0 750_set1 
55.0 50.787822 1016.161021 10597.919464 2036.313995 12.048697 2853.816705 2347.383022 1016.136408 2853.853464 55.709113 0.729517 3997695.0995041984 165.61605385963662 -0.81902 0.210044 1.02  6 26 845.947822 0.0 580_set1 
55.0 50.250854 1016.353182 10597.828865 1944.919571 11.722404 2758.240438 2248.508453 1016.30044 2758.246899 57.131275 0.721952 3825178.176159607 180.08969353362988 -0.923058 -0.001445 1.02  6 26 845.947822 0.0 750_set3 
55.0 50.820462 1016.368798 10597.99099 2037.346825 12.047298 2854.317976 2348.330975 1016.331553 2854.344845 55.704994 0.729453 3996349.0227791546 165.533780791688 -0.824575 0.212731 1.02  6 26 845.947822 0.0 580_set2 
55.0 -1.0 0.0 0.0 -0.51099 0.0 0.51099 0.0 0.0 0.0 180.0 0.000273 0.0 0.0 0.0 0.0 1.06  6 27 879.980723 0.0 80 
55.0 50.208116 1052.978246 10598.338127 1972.208008 11.692921 2772.009309 2248.698711 1052.937984 2772.011995 58.58265 0.720411 3794431.1823633295 185.0341662559168 -0.939748 -0.082782 1.06  6 27 879.980723 0.0 750_set3 
55.0 50.62693 1055.508588 10597.73159 2068.027481 12.045323 2873.542219 2350.151062 1055.472255 2873.56782 57.203693 0.728653 3980507.222204238 165.0112366015118 -0.818521 0.21915 1.06  6 27 879.980723 0.0 580_set2 
55.0 50.668525 1056.004196 10597.709656 2068.714127 12.039454 2873.305151 2350.491762 1055.973053 2873.328209 57.218479 0.728466 3976304.35151376 164.33395592189515 -0.818462 0.229536 1.06  6 27 879.980723 0.0 580_set1 
55.0 50.227221 1056.300057 10597.312927 1986.364349 11.740378 2786.346737 2261.345148 1056.288004 2786.353111 58.521614 0.721482 3818084.8118123524 179.07822510218435 -0.955847 0.015379 1.06  6 27 879.980723 0.0 750_set1 
55.0 50.222044 1059.226912 10596.529961 1981.283173 11.70594 2779.009429 2253.472805 1059.213042 2779.033661 58.753735 0.720531 3797410.394857959 164.47586355532258 -0.928982 0.258051 1.06  6 27 879.980723 0.0 750_set2 
55.0 -1.0 0.0 0.0 -0.51099 0.0 0.51099 0.0 0.0 0.0 180.0 0.000273 0.0 0.0 0.0 0.0 1.1  6 28 910.0807309999999 0.0 80 
55.0 50.368673 1083.846788 10600.764275 2007.221207 11.680169 2793.149782 2261.515617 1083.850861 2793.14971 59.575629 0.719359 3772748.7308561103 203.85772150760627 -0.914553 -0.404467 1.1  6 28 910.0807309999999 0.0 750_set2 
55.0 50.450738 1086.657874 10595.789909 2007.893547 11.6621 2790.793171 2259.942532 1086.659551 2790.79175 59.705623 0.718628 3756890.0272159935 158.21516694883024 -0.928584 0.371122 1.1  6 28 910.0807309999999 0.0 750_set1 
55.0 50.449269 1095.101088 10596.883774 2099.570259 12.035379 2892.53346 2352.013111 1095.073938 2892.556429 58.666876 0.727648 3958554.5447422443 168.65091058923693 -0.816767 0.163934 1.1  6 28 910.0807309999999 0.0 580_set2 
55.0 50.589528 1095.587601 10597.789764 2103.279098 12.024465 2893.824718 2355.608225 1095.556498 2893.844366 58.63405 0.727295 3950438.534424085 163.5190962474973 -0.809688 0.239547 1.1  6 28 910.0807309999999 0.0 580_set1 
55.0 50.51945 1099.34028 10602.070808 2100.379928 12.000165 2889.819872 2349.417925 1099.343538 2889.819622 58.860673 0.726818 3939463.0506608123 195.59942055699005 -0.963165 -0.26891 1.1  6 28 910.0807309999999 0.0 750_set3 
55.0 -1.0 0.0 0.0 -0.51099 0.0 0.51099 0.0 0.0 0.0 180.0 0.000273 0.0 0.0 0.0 0.0 1.14  6 29 377.54694616666666 0.0 750_set2 
55.0 -1.0 0.0 0.0 -0.51099 0.0 0.51099 0.0 0.0 0.0 180.0 0.000273 0.0 0.0 0.0 0.0 1.14  6 29 377.54694616666666 0.0 750_set1 
55.0 -1.0 0.0 0.0 -0.51099 0.0 0.51099 0.0 0.0 0.0 180.0 0.000273 0.0 0.0 0.0 0.0 1.14  6 29 377.54694616666666 0.0 750_set3 
55.0 -1.0 0.0 0.0 -0.51099 0.0 0.51099 0.0 0.0 0.0 180.0 0.000273 0.0 0.0 0.0 0.0 1.14  6 29 377.54694616666666 0.0 80 
55.0 50.329159 1132.549691 10597.628593 2131.645187 12.017923 2911.486969 2355.728626 1132.522702 2911.503315 59.975619 0.726554 3932845.1673965417 165.125447865541 -0.809702 0.21506 1.14  6 29 377.54694616666666 0.0 580_set2 
55.0 50.441344 1132.777613 10597.91851 2134.062752 12.007035 2911.888193 2358.141899 1132.758975 2911.90362 59.948329 0.726216 3924869.0190589903 162.5302027755288 -0.815247 0.256574 1.14  6 29 377.54694616666666 0.0 580_set1 
55.0 -1.0 0.0 0.0 -0.51099 0.0 0.51099 0.0 0.0 0.0 180.0 0.000273 0.0 0.0 0.0 0.0 1.18  6 30 390.854438 0.0 750_set2 
55.0 -1.0 0.0 0.0 -0.51099 0.0 0.51099 0.0 0.0 0.0 180.0 0.000273 0.0 0.0 0.0 0.0 1.18  6 30 390.854438 0.0 750_set1 
55.0 -1.0 0.0 0.0 -0.51099 0.0 0.51099 0.0 0.0 0.0 180.0 0.000273 0.0 0.0 0.0 0.0 1.18  6 30 390.854438 0.0 750_set3 
55.0 -1.0 0.0 0.0 -0.51099 0.0 0.51099 0.0 0.0 0.0 180.0 0.000273 0.0 0.0 0.0 0.0 1.18  6 30 390.854438 0.0 80 
55.0 50.317375 1171.529543 10597.905159 2164.25608 11.966622 2927.229891 2358.31666 1171.514153 2927.237749 61.307238 0.724586 3884670.4549469044 156.10974460145607 -0.805002 0.356564 1.18  6 30 390.854438 0.0 580_set2 
55.0 50.407057 1173.623632 10598.305702 2173.090919 11.978009 2934.385575 2366.064548 1173.612475 2934.405565 61.265604 0.724772 3888294.5605278146 145.28561348736685 -0.820832 0.568676 1.18  6 30 390.854438 0.0 580_set1 
