
    # average kinematics results
    # averaged kinematic varibles used as input to calculate the averaged 
    # kinematics: Ei, omega, th_e, pf # variables with _mc attached are from histograms not calculated
    #! th_nq_mc[f,0]/ th_nq_calc[f,1]/ pm[f,2]/ Ei[f,3]/ omega[f,4]/ th_e[f,5]/ q_lab[f,6]/ pf[f,7]/ pm_mc[f,8]/ q_mc[f,9]/ th_pq_cm[f,10]/ beta_cm[f,11]/  Q^2[f,12]/  phi[f,13]/ cos_phi[f,14]/ sin_phi[f,15]/ pm_b[f,16]/ ix[i,17]/ iy[i,18]/ pm_b_av[f,19]/ tot_err[f, 20]/ kin[s,21]/
	185.0 -1.0 0.0 0.0 -0.51099 0.0 0.51099 0.0 0.0 0.0 180.0 0.000273 0.0 0.0 0.0 0.0 0.02  19 1 0.0 0.0 750_set1 
185.0 -1.0 0.0 0.0 -0.51099 0.0 0.51099 0.0 0.0 0.0 180.0 0.000273 0.0 0.0 0.0 0.0 0.02  19 1 0.0 0.0 580_set2 
185.0 -1.0 0.0 0.0 -0.51099 0.0 0.51099 0.0 0.0 0.0 180.0 0.000273 0.0 0.0 0.0 0.0 0.02  19 1 0.0 0.0 750_set3 
185.0 -1.0 0.0 0.0 -0.51099 0.0 0.51099 0.0 0.0 0.0 180.0 0.000273 0.0 0.0 0.0 0.0 0.02  19 1 0.0 0.0 750_set2 
185.0 -1.0 0.0 0.0 -0.51099 0.0 0.51099 0.0 0.0 0.0 180.0 0.000273 0.0 0.0 0.0 0.0 0.02  19 1 0.0 0.0 80 
185.0 -1.0 0.0 0.0 -0.51099 0.0 0.51099 0.0 0.0 0.0 180.0 0.000273 0.0 0.0 0.0 0.0 0.02  19 1 0.0 0.0 580_set1 
185.0 -1.0 0.0 0.0 -0.51099 0.0 0.51099 0.0 0.0 0.0 180.0 0.000273 0.0 0.0 0.0 0.0 0.06  19 2 0.0 0.0 750_set1 
185.0 -1.0 0.0 0.0 -0.51099 0.0 0.51099 0.0 0.0 0.0 180.0 0.000273 0.0 0.0 0.0 0.0 0.06  19 2 0.0 0.0 580_set2 
185.0 -1.0 0.0 0.0 -0.51099 0.0 0.51099 0.0 0.0 0.0 180.0 0.000273 0.0 0.0 0.0 0.0 0.06  19 2 0.0 0.0 750_set3 
185.0 -1.0 0.0 0.0 -0.51099 0.0 0.51099 0.0 0.0 0.0 180.0 0.000273 0.0 0.0 0.0 0.0 0.06  19 2 0.0 0.0 750_set2 
185.0 -1.0 0.0 0.0 -0.51099 0.0 0.51099 0.0 0.0 0.0 180.0 0.000273 0.0 0.0 0.0 0.0 0.06  19 2 0.0 0.0 80 
185.0 -1.0 0.0 0.0 -0.51099 0.0 0.51099 0.0 0.0 0.0 180.0 0.000273 0.0 0.0 0.0 0.0 0.06  19 2 0.0 0.0 580_set1 
185.0 -1.0 0.0 0.0 -0.51099 0.0 0.51099 0.0 0.0 0.0 180.0 0.000273 0.0 0.0 0.0 0.0 0.1  19 3 0.0 0.0 750_set1 
185.0 -1.0 0.0 0.0 -0.51099 0.0 0.51099 0.0 0.0 0.0 180.0 0.000273 0.0 0.0 0.0 0.0 0.1  19 3 0.0 0.0 580_set2 
185.0 -1.0 0.0 0.0 -0.51099 0.0 0.51099 0.0 0.0 0.0 180.0 0.000273 0.0 0.0 0.0 0.0 0.1  19 3 0.0 0.0 750_set3 
185.0 -1.0 0.0 0.0 -0.51099 0.0 0.51099 0.0 0.0 0.0 180.0 0.000273 0.0 0.0 0.0 0.0 0.1  19 3 0.0 0.0 750_set2 
185.0 -1.0 0.0 0.0 -0.51099 0.0 0.51099 0.0 0.0 0.0 180.0 0.000273 0.0 0.0 0.0 0.0 0.1  19 3 0.0 0.0 80 
185.0 -1.0 0.0 0.0 -0.51099 0.0 0.51099 0.0 0.0 0.0 180.0 0.000273 0.0 0.0 0.0 0.0 0.1  19 3 0.0 0.0 580_set1 
185.0 -1.0 0.0 0.0 -0.51099 0.0 0.51099 0.0 0.0 0.0 180.0 0.000273 0.0 0.0 0.0 0.0 0.14  19 4 0.0 0.0 750_set1 
185.0 -1.0 0.0 0.0 -0.51099 0.0 0.51099 0.0 0.0 0.0 180.0 0.000273 0.0 0.0 0.0 0.0 0.14  19 4 0.0 0.0 580_set2 
185.0 -1.0 0.0 0.0 -0.51099 0.0 0.51099 0.0 0.0 0.0 180.0 0.000273 0.0 0.0 0.0 0.0 0.14  19 4 0.0 0.0 750_set3 
185.0 -1.0 0.0 0.0 -0.51099 0.0 0.51099 0.0 0.0 0.0 180.0 0.000273 0.0 0.0 0.0 0.0 0.14  19 4 0.0 0.0 750_set2 
185.0 -1.0 0.0 0.0 -0.51099 0.0 0.51099 0.0 0.0 0.0 180.0 0.000273 0.0 0.0 0.0 0.0 0.14  19 4 0.0 0.0 80 
185.0 -1.0 0.0 0.0 -0.51099 0.0 0.51099 0.0 0.0 0.0 180.0 0.000273 0.0 0.0 0.0 0.0 0.14  19 4 0.0 0.0 580_set1 
185.0 -1.0 0.0 0.0 -0.51099 0.0 0.51099 0.0 0.0 0.0 180.0 0.000273 0.0 0.0 0.0 0.0 0.18  19 5 0.0 0.0 750_set1 
185.0 -1.0 0.0 0.0 -0.51099 0.0 0.51099 0.0 0.0 0.0 180.0 0.000273 0.0 0.0 0.0 0.0 0.18  19 5 0.0 0.0 580_set2 
185.0 -1.0 0.0 0.0 -0.51099 0.0 0.51099 0.0 0.0 0.0 180.0 0.000273 0.0 0.0 0.0 0.0 0.18  19 5 0.0 0.0 750_set3 
185.0 -1.0 0.0 0.0 -0.51099 0.0 0.51099 0.0 0.0 0.0 180.0 0.000273 0.0 0.0 0.0 0.0 0.18  19 5 0.0 0.0 750_set2 
185.0 -1.0 0.0 0.0 -0.51099 0.0 0.51099 0.0 0.0 0.0 180.0 0.000273 0.0 0.0 0.0 0.0 0.18  19 5 0.0 0.0 80 
185.0 -1.0 0.0 0.0 -0.51099 0.0 0.51099 0.0 0.0 0.0 180.0 0.000273 0.0 0.0 0.0 0.0 0.18  19 5 0.0 0.0 580_set1 
185.0 -1.0 0.0 0.0 -0.51099 0.0 0.51099 0.0 0.0 0.0 180.0 0.000273 0.0 0.0 0.0 0.0 0.22  19 6 0.0 0.0 750_set1 
185.0 -1.0 0.0 0.0 -0.51099 0.0 0.51099 0.0 0.0 0.0 180.0 0.000273 0.0 0.0 0.0 0.0 0.22  19 6 0.0 0.0 580_set2 
185.0 -1.0 0.0 0.0 -0.51099 0.0 0.51099 0.0 0.0 0.0 180.0 0.000273 0.0 0.0 0.0 0.0 0.22  19 6 0.0 0.0 750_set3 
185.0 -1.0 0.0 0.0 -0.51099 0.0 0.51099 0.0 0.0 0.0 180.0 0.000273 0.0 0.0 0.0 0.0 0.22  19 6 0.0 0.0 750_set2 
185.0 -1.0 0.0 0.0 -0.51099 0.0 0.51099 0.0 0.0 0.0 180.0 0.000273 0.0 0.0 0.0 0.0 0.22  19 6 0.0 0.0 80 
185.0 -1.0 0.0 0.0 -0.51099 0.0 0.51099 0.0 0.0 0.0 180.0 0.000273 0.0 0.0 0.0 0.0 0.22  19 6 0.0 0.0 580_set1 
185.0 -1.0 0.0 0.0 -0.51099 0.0 0.51099 0.0 0.0 0.0 180.0 0.000273 0.0 0.0 0.0 0.0 0.26  19 7 0.0 0.0 750_set1 
185.0 -1.0 0.0 0.0 -0.51099 0.0 0.51099 0.0 0.0 0.0 180.0 0.000273 0.0 0.0 0.0 0.0 0.26  19 7 0.0 0.0 580_set2 
185.0 -1.0 0.0 0.0 -0.51099 0.0 0.51099 0.0 0.0 0.0 180.0 0.000273 0.0 0.0 0.0 0.0 0.26  19 7 0.0 0.0 750_set3 
185.0 -1.0 0.0 0.0 -0.51099 0.0 0.51099 0.0 0.0 0.0 180.0 0.000273 0.0 0.0 0.0 0.0 0.26  19 7 0.0 0.0 750_set2 
185.0 -1.0 0.0 0.0 -0.51099 0.0 0.51099 0.0 0.0 0.0 180.0 0.000273 0.0 0.0 0.0 0.0 0.26  19 7 0.0 0.0 80 
185.0 -1.0 0.0 0.0 -0.51099 0.0 0.51099 0.0 0.0 0.0 180.0 0.000273 0.0 0.0 0.0 0.0 0.26  19 7 0.0 0.0 580_set1 
185.0 -1.0 0.0 0.0 -0.51099 0.0 0.51099 0.0 0.0 0.0 180.0 0.000273 0.0 0.0 0.0 0.0 0.3  19 8 0.0 0.0 750_set1 
185.0 -1.0 0.0 0.0 -0.51099 0.0 0.51099 0.0 0.0 0.0 180.0 0.000273 0.0 0.0 0.0 0.0 0.3  19 8 0.0 0.0 580_set2 
185.0 -1.0 0.0 0.0 -0.51099 0.0 0.51099 0.0 0.0 0.0 180.0 0.000273 0.0 0.0 0.0 0.0 0.3  19 8 0.0 0.0 750_set3 
185.0 -1.0 0.0 0.0 -0.51099 0.0 0.51099 0.0 0.0 0.0 180.0 0.000273 0.0 0.0 0.0 0.0 0.3  19 8 0.0 0.0 750_set2 
185.0 -1.0 0.0 0.0 -0.51099 0.0 0.51099 0.0 0.0 0.0 180.0 0.000273 0.0 0.0 0.0 0.0 0.3  19 8 0.0 0.0 80 
185.0 -1.0 0.0 0.0 -0.51099 0.0 0.51099 0.0 0.0 0.0 180.0 0.000273 0.0 0.0 0.0 0.0 0.3  19 8 0.0 0.0 580_set1 
185.0 -1.0 0.0 0.0 -0.51099 0.0 0.51099 0.0 0.0 0.0 180.0 0.000273 0.0 0.0 0.0 0.0 0.34  19 9 0.0 0.0 750_set1 
185.0 -1.0 0.0 0.0 -0.51099 0.0 0.51099 0.0 0.0 0.0 180.0 0.000273 0.0 0.0 0.0 0.0 0.34  19 9 0.0 0.0 580_set2 
185.0 -1.0 0.0 0.0 -0.51099 0.0 0.51099 0.0 0.0 0.0 180.0 0.000273 0.0 0.0 0.0 0.0 0.34  19 9 0.0 0.0 750_set3 
185.0 -1.0 0.0 0.0 -0.51099 0.0 0.51099 0.0 0.0 0.0 180.0 0.000273 0.0 0.0 0.0 0.0 0.34  19 9 0.0 0.0 750_set2 
185.0 -1.0 0.0 0.0 -0.51099 0.0 0.51099 0.0 0.0 0.0 180.0 0.000273 0.0 0.0 0.0 0.0 0.34  19 9 0.0 0.0 80 
185.0 -1.0 0.0 0.0 -0.51099 0.0 0.51099 0.0 0.0 0.0 180.0 0.000273 0.0 0.0 0.0 0.0 0.34  19 9 0.0 0.0 580_set1 
185.0 -1.0 0.0 0.0 -0.51099 0.0 0.51099 0.0 0.0 0.0 180.0 0.000273 0.0 0.0 0.0 0.0 0.38  19 10 0.0 0.0 750_set1 
185.0 -1.0 0.0 0.0 -0.51099 0.0 0.51099 0.0 0.0 0.0 180.0 0.000273 0.0 0.0 0.0 0.0 0.38  19 10 0.0 0.0 580_set2 
185.0 -1.0 0.0 0.0 -0.51099 0.0 0.51099 0.0 0.0 0.0 180.0 0.000273 0.0 0.0 0.0 0.0 0.38  19 10 0.0 0.0 750_set3 
185.0 -1.0 0.0 0.0 -0.51099 0.0 0.51099 0.0 0.0 0.0 180.0 0.000273 0.0 0.0 0.0 0.0 0.38  19 10 0.0 0.0 750_set2 
185.0 -1.0 0.0 0.0 -0.51099 0.0 0.51099 0.0 0.0 0.0 180.0 0.000273 0.0 0.0 0.0 0.0 0.38  19 10 0.0 0.0 80 
185.0 -1.0 0.0 0.0 -0.51099 0.0 0.51099 0.0 0.0 0.0 180.0 0.000273 0.0 0.0 0.0 0.0 0.38  19 10 0.0 0.0 580_set1 
185.0 -1.0 0.0 0.0 -0.51099 0.0 0.51099 0.0 0.0 0.0 180.0 0.000273 0.0 0.0 0.0 0.0 0.42  19 11 0.0 0.0 750_set1 
185.0 -1.0 0.0 0.0 -0.51099 0.0 0.51099 0.0 0.0 0.0 180.0 0.000273 0.0 0.0 0.0 0.0 0.42  19 11 0.0 0.0 580_set2 
185.0 -1.0 0.0 0.0 -0.51099 0.0 0.51099 0.0 0.0 0.0 180.0 0.000273 0.0 0.0 0.0 0.0 0.42  19 11 0.0 0.0 750_set3 
185.0 -1.0 0.0 0.0 -0.51099 0.0 0.51099 0.0 0.0 0.0 180.0 0.000273 0.0 0.0 0.0 0.0 0.42  19 11 0.0 0.0 750_set2 
185.0 -1.0 0.0 0.0 -0.51099 0.0 0.51099 0.0 0.0 0.0 180.0 0.000273 0.0 0.0 0.0 0.0 0.42  19 11 0.0 0.0 80 
185.0 -1.0 0.0 0.0 -0.51099 0.0 0.51099 0.0 0.0 0.0 180.0 0.000273 0.0 0.0 0.0 0.0 0.42  19 11 0.0 0.0 580_set1 
185.0 -1.0 0.0 0.0 -0.51099 0.0 0.51099 0.0 0.0 0.0 180.0 0.000273 0.0 0.0 0.0 0.0 0.46  19 12 0.0 0.0 750_set1 
185.0 -1.0 0.0 0.0 -0.51099 0.0 0.51099 0.0 0.0 0.0 180.0 0.000273 0.0 0.0 0.0 0.0 0.46  19 12 0.0 0.0 580_set2 
185.0 -1.0 0.0 0.0 -0.51099 0.0 0.51099 0.0 0.0 0.0 180.0 0.000273 0.0 0.0 0.0 0.0 0.46  19 12 0.0 0.0 750_set3 
185.0 -1.0 0.0 0.0 -0.51099 0.0 0.51099 0.0 0.0 0.0 180.0 0.000273 0.0 0.0 0.0 0.0 0.46  19 12 0.0 0.0 750_set2 
185.0 -1.0 0.0 0.0 -0.51099 0.0 0.51099 0.0 0.0 0.0 180.0 0.000273 0.0 0.0 0.0 0.0 0.46  19 12 0.0 0.0 80 
185.0 -1.0 0.0 0.0 -0.51099 0.0 0.51099 0.0 0.0 0.0 180.0 0.000273 0.0 0.0 0.0 0.0 0.46  19 12 0.0 0.0 580_set1 
185.0 -1.0 0.0 0.0 -0.51099 0.0 0.51099 0.0 0.0 0.0 180.0 0.000273 0.0 0.0 0.0 0.0 0.5  19 13 0.0 0.0 750_set1 
185.0 -1.0 0.0 0.0 -0.51099 0.0 0.51099 0.0 0.0 0.0 180.0 0.000273 0.0 0.0 0.0 0.0 0.5  19 13 0.0 0.0 580_set2 
185.0 -1.0 0.0 0.0 -0.51099 0.0 0.51099 0.0 0.0 0.0 180.0 0.000273 0.0 0.0 0.0 0.0 0.5  19 13 0.0 0.0 750_set3 
185.0 -1.0 0.0 0.0 -0.51099 0.0 0.51099 0.0 0.0 0.0 180.0 0.000273 0.0 0.0 0.0 0.0 0.5  19 13 0.0 0.0 750_set2 
185.0 -1.0 0.0 0.0 -0.51099 0.0 0.51099 0.0 0.0 0.0 180.0 0.000273 0.0 0.0 0.0 0.0 0.5  19 13 0.0 0.0 80 
185.0 -1.0 0.0 0.0 -0.51099 0.0 0.51099 0.0 0.0 0.0 180.0 0.000273 0.0 0.0 0.0 0.0 0.5  19 13 0.0 0.0 580_set1 
185.0 -1.0 0.0 0.0 -0.51099 0.0 0.51099 0.0 0.0 0.0 180.0 0.000273 0.0 0.0 0.0 0.0 0.54  19 14 0.0 0.0 750_set1 
185.0 -1.0 0.0 0.0 -0.51099 0.0 0.51099 0.0 0.0 0.0 180.0 0.000273 0.0 0.0 0.0 0.0 0.54  19 14 0.0 0.0 580_set2 
185.0 -1.0 0.0 0.0 -0.51099 0.0 0.51099 0.0 0.0 0.0 180.0 0.000273 0.0 0.0 0.0 0.0 0.54  19 14 0.0 0.0 750_set3 
185.0 -1.0 0.0 0.0 -0.51099 0.0 0.51099 0.0 0.0 0.0 180.0 0.000273 0.0 0.0 0.0 0.0 0.54  19 14 0.0 0.0 750_set2 
185.0 -1.0 0.0 0.0 -0.51099 0.0 0.51099 0.0 0.0 0.0 180.0 0.000273 0.0 0.0 0.0 0.0 0.54  19 14 0.0 0.0 80 
185.0 -1.0 0.0 0.0 -0.51099 0.0 0.51099 0.0 0.0 0.0 180.0 0.000273 0.0 0.0 0.0 0.0 0.54  19 14 0.0 0.0 580_set1 
185.0 -1.0 0.0 0.0 -0.51099 0.0 0.51099 0.0 0.0 0.0 180.0 0.000273 0.0 0.0 0.0 0.0 0.58  19 15 0.0 0.0 750_set1 
185.0 -1.0 0.0 0.0 -0.51099 0.0 0.51099 0.0 0.0 0.0 180.0 0.000273 0.0 0.0 0.0 0.0 0.58  19 15 0.0 0.0 580_set2 
185.0 -1.0 0.0 0.0 -0.51099 0.0 0.51099 0.0 0.0 0.0 180.0 0.000273 0.0 0.0 0.0 0.0 0.58  19 15 0.0 0.0 750_set3 
185.0 -1.0 0.0 0.0 -0.51099 0.0 0.51099 0.0 0.0 0.0 180.0 0.000273 0.0 0.0 0.0 0.0 0.58  19 15 0.0 0.0 750_set2 
185.0 -1.0 0.0 0.0 -0.51099 0.0 0.51099 0.0 0.0 0.0 180.0 0.000273 0.0 0.0 0.0 0.0 0.58  19 15 0.0 0.0 80 
185.0 -1.0 0.0 0.0 -0.51099 0.0 0.51099 0.0 0.0 0.0 180.0 0.000273 0.0 0.0 0.0 0.0 0.58  19 15 0.0 0.0 580_set1 
185.0 -1.0 0.0 0.0 -0.51099 0.0 0.51099 0.0 0.0 0.0 180.0 0.000273 0.0 0.0 0.0 0.0 0.62  19 16 0.0 0.0 750_set1 
185.0 -1.0 0.0 0.0 -0.51099 0.0 0.51099 0.0 0.0 0.0 180.0 0.000273 0.0 0.0 0.0 0.0 0.62  19 16 0.0 0.0 580_set2 
185.0 -1.0 0.0 0.0 -0.51099 0.0 0.51099 0.0 0.0 0.0 180.0 0.000273 0.0 0.0 0.0 0.0 0.62  19 16 0.0 0.0 750_set3 
185.0 -1.0 0.0 0.0 -0.51099 0.0 0.51099 0.0 0.0 0.0 180.0 0.000273 0.0 0.0 0.0 0.0 0.62  19 16 0.0 0.0 750_set2 
185.0 -1.0 0.0 0.0 -0.51099 0.0 0.51099 0.0 0.0 0.0 180.0 0.000273 0.0 0.0 0.0 0.0 0.62  19 16 0.0 0.0 80 
185.0 -1.0 0.0 0.0 -0.51099 0.0 0.51099 0.0 0.0 0.0 180.0 0.000273 0.0 0.0 0.0 0.0 0.62  19 16 0.0 0.0 580_set1 
185.0 -1.0 0.0 0.0 -0.51099 0.0 0.51099 0.0 0.0 0.0 180.0 0.000273 0.0 0.0 0.0 0.0 0.66  19 17 0.0 0.0 750_set1 
185.0 -1.0 0.0 0.0 -0.51099 0.0 0.51099 0.0 0.0 0.0 180.0 0.000273 0.0 0.0 0.0 0.0 0.66  19 17 0.0 0.0 580_set2 
185.0 -1.0 0.0 0.0 -0.51099 0.0 0.51099 0.0 0.0 0.0 180.0 0.000273 0.0 0.0 0.0 0.0 0.66  19 17 0.0 0.0 750_set3 
185.0 -1.0 0.0 0.0 -0.51099 0.0 0.51099 0.0 0.0 0.0 180.0 0.000273 0.0 0.0 0.0 0.0 0.66  19 17 0.0 0.0 750_set2 
185.0 -1.0 0.0 0.0 -0.51099 0.0 0.51099 0.0 0.0 0.0 180.0 0.000273 0.0 0.0 0.0 0.0 0.66  19 17 0.0 0.0 80 
185.0 -1.0 0.0 0.0 -0.51099 0.0 0.51099 0.0 0.0 0.0 180.0 0.000273 0.0 0.0 0.0 0.0 0.66  19 17 0.0 0.0 580_set1 
185.0 -1.0 0.0 0.0 -0.51099 0.0 0.51099 0.0 0.0 0.0 180.0 0.000273 0.0 0.0 0.0 0.0 0.7  19 18 0.0 0.0 750_set1 
185.0 -1.0 0.0 0.0 -0.51099 0.0 0.51099 0.0 0.0 0.0 180.0 0.000273 0.0 0.0 0.0 0.0 0.7  19 18 0.0 0.0 580_set2 
185.0 -1.0 0.0 0.0 -0.51099 0.0 0.51099 0.0 0.0 0.0 180.0 0.000273 0.0 0.0 0.0 0.0 0.7  19 18 0.0 0.0 750_set3 
185.0 -1.0 0.0 0.0 -0.51099 0.0 0.51099 0.0 0.0 0.0 180.0 0.000273 0.0 0.0 0.0 0.0 0.7  19 18 0.0 0.0 750_set2 
185.0 -1.0 0.0 0.0 -0.51099 0.0 0.51099 0.0 0.0 0.0 180.0 0.000273 0.0 0.0 0.0 0.0 0.7  19 18 0.0 0.0 80 
185.0 -1.0 0.0 0.0 -0.51099 0.0 0.51099 0.0 0.0 0.0 180.0 0.000273 0.0 0.0 0.0 0.0 0.7  19 18 0.0 0.0 580_set1 
185.0 -1.0 0.0 0.0 -0.51099 0.0 0.51099 0.0 0.0 0.0 180.0 0.000273 0.0 0.0 0.0 0.0 0.74  19 19 0.0 0.0 750_set1 
185.0 -1.0 0.0 0.0 -0.51099 0.0 0.51099 0.0 0.0 0.0 180.0 0.000273 0.0 0.0 0.0 0.0 0.74  19 19 0.0 0.0 580_set2 
185.0 -1.0 0.0 0.0 -0.51099 0.0 0.51099 0.0 0.0 0.0 180.0 0.000273 0.0 0.0 0.0 0.0 0.74  19 19 0.0 0.0 750_set3 
185.0 -1.0 0.0 0.0 -0.51099 0.0 0.51099 0.0 0.0 0.0 180.0 0.000273 0.0 0.0 0.0 0.0 0.74  19 19 0.0 0.0 750_set2 
185.0 -1.0 0.0 0.0 -0.51099 0.0 0.51099 0.0 0.0 0.0 180.0 0.000273 0.0 0.0 0.0 0.0 0.74  19 19 0.0 0.0 80 
185.0 -1.0 0.0 0.0 -0.51099 0.0 0.51099 0.0 0.0 0.0 180.0 0.000273 0.0 0.0 0.0 0.0 0.74  19 19 0.0 0.0 580_set1 
185.0 -1.0 0.0 0.0 -0.51099 0.0 0.51099 0.0 0.0 0.0 180.0 0.000273 0.0 0.0 0.0 0.0 0.78  19 20 0.0 0.0 750_set1 
185.0 -1.0 0.0 0.0 -0.51099 0.0 0.51099 0.0 0.0 0.0 180.0 0.000273 0.0 0.0 0.0 0.0 0.78  19 20 0.0 0.0 580_set2 
185.0 -1.0 0.0 0.0 -0.51099 0.0 0.51099 0.0 0.0 0.0 180.0 0.000273 0.0 0.0 0.0 0.0 0.78  19 20 0.0 0.0 750_set3 
185.0 -1.0 0.0 0.0 -0.51099 0.0 0.51099 0.0 0.0 0.0 180.0 0.000273 0.0 0.0 0.0 0.0 0.78  19 20 0.0 0.0 750_set2 
185.0 -1.0 0.0 0.0 -0.51099 0.0 0.51099 0.0 0.0 0.0 180.0 0.000273 0.0 0.0 0.0 0.0 0.78  19 20 0.0 0.0 80 
185.0 -1.0 0.0 0.0 -0.51099 0.0 0.51099 0.0 0.0 0.0 180.0 0.000273 0.0 0.0 0.0 0.0 0.78  19 20 0.0 0.0 580_set1 
185.0 -1.0 0.0 0.0 -0.51099 0.0 0.51099 0.0 0.0 0.0 180.0 0.000273 0.0 0.0 0.0 0.0 0.82  19 21 0.0 0.0 750_set1 
185.0 -1.0 0.0 0.0 -0.51099 0.0 0.51099 0.0 0.0 0.0 180.0 0.000273 0.0 0.0 0.0 0.0 0.82  19 21 0.0 0.0 580_set2 
185.0 -1.0 0.0 0.0 -0.51099 0.0 0.51099 0.0 0.0 0.0 180.0 0.000273 0.0 0.0 0.0 0.0 0.82  19 21 0.0 0.0 750_set3 
185.0 -1.0 0.0 0.0 -0.51099 0.0 0.51099 0.0 0.0 0.0 180.0 0.000273 0.0 0.0 0.0 0.0 0.82  19 21 0.0 0.0 750_set2 
185.0 -1.0 0.0 0.0 -0.51099 0.0 0.51099 0.0 0.0 0.0 180.0 0.000273 0.0 0.0 0.0 0.0 0.82  19 21 0.0 0.0 80 
185.0 -1.0 0.0 0.0 -0.51099 0.0 0.51099 0.0 0.0 0.0 180.0 0.000273 0.0 0.0 0.0 0.0 0.82  19 21 0.0 0.0 580_set1 
185.0 -1.0 0.0 0.0 -0.51099 0.0 0.51099 0.0 0.0 0.0 180.0 0.000273 0.0 0.0 0.0 0.0 0.86  19 22 0.0 0.0 750_set1 
185.0 -1.0 0.0 0.0 -0.51099 0.0 0.51099 0.0 0.0 0.0 180.0 0.000273 0.0 0.0 0.0 0.0 0.86  19 22 0.0 0.0 580_set2 
185.0 -1.0 0.0 0.0 -0.51099 0.0 0.51099 0.0 0.0 0.0 180.0 0.000273 0.0 0.0 0.0 0.0 0.86  19 22 0.0 0.0 750_set3 
185.0 -1.0 0.0 0.0 -0.51099 0.0 0.51099 0.0 0.0 0.0 180.0 0.000273 0.0 0.0 0.0 0.0 0.86  19 22 0.0 0.0 750_set2 
185.0 -1.0 0.0 0.0 -0.51099 0.0 0.51099 0.0 0.0 0.0 180.0 0.000273 0.0 0.0 0.0 0.0 0.86  19 22 0.0 0.0 80 
185.0 -1.0 0.0 0.0 -0.51099 0.0 0.51099 0.0 0.0 0.0 180.0 0.000273 0.0 0.0 0.0 0.0 0.86  19 22 0.0 0.0 580_set1 
185.0 -1.0 0.0 0.0 -0.51099 0.0 0.51099 0.0 0.0 0.0 180.0 0.000273 0.0 0.0 0.0 0.0 0.9  19 23 0.0 0.0 750_set1 
185.0 -1.0 0.0 0.0 -0.51099 0.0 0.51099 0.0 0.0 0.0 180.0 0.000273 0.0 0.0 0.0 0.0 0.9  19 23 0.0 0.0 580_set2 
185.0 -1.0 0.0 0.0 -0.51099 0.0 0.51099 0.0 0.0 0.0 180.0 0.000273 0.0 0.0 0.0 0.0 0.9  19 23 0.0 0.0 750_set3 
185.0 -1.0 0.0 0.0 -0.51099 0.0 0.51099 0.0 0.0 0.0 180.0 0.000273 0.0 0.0 0.0 0.0 0.9  19 23 0.0 0.0 750_set2 
185.0 -1.0 0.0 0.0 -0.51099 0.0 0.51099 0.0 0.0 0.0 180.0 0.000273 0.0 0.0 0.0 0.0 0.9  19 23 0.0 0.0 80 
185.0 -1.0 0.0 0.0 -0.51099 0.0 0.51099 0.0 0.0 0.0 180.0 0.000273 0.0 0.0 0.0 0.0 0.9  19 23 0.0 0.0 580_set1 
185.0 -1.0 0.0 0.0 -0.51099 0.0 0.51099 0.0 0.0 0.0 180.0 0.000273 0.0 0.0 0.0 0.0 0.94  19 24 0.0 0.0 750_set1 
185.0 -1.0 0.0 0.0 -0.51099 0.0 0.51099 0.0 0.0 0.0 180.0 0.000273 0.0 0.0 0.0 0.0 0.94  19 24 0.0 0.0 580_set2 
185.0 -1.0 0.0 0.0 -0.51099 0.0 0.51099 0.0 0.0 0.0 180.0 0.000273 0.0 0.0 0.0 0.0 0.94  19 24 0.0 0.0 750_set3 
185.0 -1.0 0.0 0.0 -0.51099 0.0 0.51099 0.0 0.0 0.0 180.0 0.000273 0.0 0.0 0.0 0.0 0.94  19 24 0.0 0.0 750_set2 
185.0 -1.0 0.0 0.0 -0.51099 0.0 0.51099 0.0 0.0 0.0 180.0 0.000273 0.0 0.0 0.0 0.0 0.94  19 24 0.0 0.0 80 
185.0 -1.0 0.0 0.0 -0.51099 0.0 0.51099 0.0 0.0 0.0 180.0 0.000273 0.0 0.0 0.0 0.0 0.94  19 24 0.0 0.0 580_set1 
185.0 -1.0 0.0 0.0 -0.51099 0.0 0.51099 0.0 0.0 0.0 180.0 0.000273 0.0 0.0 0.0 0.0 0.98  19 25 0.0 0.0 750_set1 
185.0 -1.0 0.0 0.0 -0.51099 0.0 0.51099 0.0 0.0 0.0 180.0 0.000273 0.0 0.0 0.0 0.0 0.98  19 25 0.0 0.0 580_set2 
185.0 -1.0 0.0 0.0 -0.51099 0.0 0.51099 0.0 0.0 0.0 180.0 0.000273 0.0 0.0 0.0 0.0 0.98  19 25 0.0 0.0 750_set3 
185.0 -1.0 0.0 0.0 -0.51099 0.0 0.51099 0.0 0.0 0.0 180.0 0.000273 0.0 0.0 0.0 0.0 0.98  19 25 0.0 0.0 750_set2 
185.0 -1.0 0.0 0.0 -0.51099 0.0 0.51099 0.0 0.0 0.0 180.0 0.000273 0.0 0.0 0.0 0.0 0.98  19 25 0.0 0.0 80 
185.0 -1.0 0.0 0.0 -0.51099 0.0 0.51099 0.0 0.0 0.0 180.0 0.000273 0.0 0.0 0.0 0.0 0.98  19 25 0.0 0.0 580_set1 
185.0 -1.0 0.0 0.0 -0.51099 0.0 0.51099 0.0 0.0 0.0 180.0 0.000273 0.0 0.0 0.0 0.0 1.02  19 26 0.0 0.0 750_set1 
185.0 -1.0 0.0 0.0 -0.51099 0.0 0.51099 0.0 0.0 0.0 180.0 0.000273 0.0 0.0 0.0 0.0 1.02  19 26 0.0 0.0 580_set2 
185.0 -1.0 0.0 0.0 -0.51099 0.0 0.51099 0.0 0.0 0.0 180.0 0.000273 0.0 0.0 0.0 0.0 1.02  19 26 0.0 0.0 750_set3 
185.0 -1.0 0.0 0.0 -0.51099 0.0 0.51099 0.0 0.0 0.0 180.0 0.000273 0.0 0.0 0.0 0.0 1.02  19 26 0.0 0.0 750_set2 
185.0 -1.0 0.0 0.0 -0.51099 0.0 0.51099 0.0 0.0 0.0 180.0 0.000273 0.0 0.0 0.0 0.0 1.02  19 26 0.0 0.0 80 
185.0 -1.0 0.0 0.0 -0.51099 0.0 0.51099 0.0 0.0 0.0 180.0 0.000273 0.0 0.0 0.0 0.0 1.02  19 26 0.0 0.0 580_set1 
185.0 -1.0 0.0 0.0 -0.51099 0.0 0.51099 0.0 0.0 0.0 180.0 0.000273 0.0 0.0 0.0 0.0 1.06  19 27 0.0 0.0 750_set1 
185.0 -1.0 0.0 0.0 -0.51099 0.0 0.51099 0.0 0.0 0.0 180.0 0.000273 0.0 0.0 0.0 0.0 1.06  19 27 0.0 0.0 580_set2 
185.0 -1.0 0.0 0.0 -0.51099 0.0 0.51099 0.0 0.0 0.0 180.0 0.000273 0.0 0.0 0.0 0.0 1.06  19 27 0.0 0.0 750_set3 
185.0 -1.0 0.0 0.0 -0.51099 0.0 0.51099 0.0 0.0 0.0 180.0 0.000273 0.0 0.0 0.0 0.0 1.06  19 27 0.0 0.0 750_set2 
185.0 -1.0 0.0 0.0 -0.51099 0.0 0.51099 0.0 0.0 0.0 180.0 0.000273 0.0 0.0 0.0 0.0 1.06  19 27 0.0 0.0 80 
185.0 -1.0 0.0 0.0 -0.51099 0.0 0.51099 0.0 0.0 0.0 180.0 0.000273 0.0 0.0 0.0 0.0 1.06  19 27 0.0 0.0 580_set1 
185.0 -1.0 0.0 0.0 -0.51099 0.0 0.51099 0.0 0.0 0.0 180.0 0.000273 0.0 0.0 0.0 0.0 1.1  19 28 0.0 0.0 750_set1 
185.0 -1.0 0.0 0.0 -0.51099 0.0 0.51099 0.0 0.0 0.0 180.0 0.000273 0.0 0.0 0.0 0.0 1.1  19 28 0.0 0.0 580_set2 
185.0 -1.0 0.0 0.0 -0.51099 0.0 0.51099 0.0 0.0 0.0 180.0 0.000273 0.0 0.0 0.0 0.0 1.1  19 28 0.0 0.0 750_set3 
185.0 -1.0 0.0 0.0 -0.51099 0.0 0.51099 0.0 0.0 0.0 180.0 0.000273 0.0 0.0 0.0 0.0 1.1  19 28 0.0 0.0 750_set2 
185.0 -1.0 0.0 0.0 -0.51099 0.0 0.51099 0.0 0.0 0.0 180.0 0.000273 0.0 0.0 0.0 0.0 1.1  19 28 0.0 0.0 80 
185.0 -1.0 0.0 0.0 -0.51099 0.0 0.51099 0.0 0.0 0.0 180.0 0.000273 0.0 0.0 0.0 0.0 1.1  19 28 0.0 0.0 580_set1 
185.0 -1.0 0.0 0.0 -0.51099 0.0 0.51099 0.0 0.0 0.0 180.0 0.000273 0.0 0.0 0.0 0.0 1.14  19 29 0.0 0.0 750_set1 
185.0 -1.0 0.0 0.0 -0.51099 0.0 0.51099 0.0 0.0 0.0 180.0 0.000273 0.0 0.0 0.0 0.0 1.14  19 29 0.0 0.0 580_set2 
185.0 -1.0 0.0 0.0 -0.51099 0.0 0.51099 0.0 0.0 0.0 180.0 0.000273 0.0 0.0 0.0 0.0 1.14  19 29 0.0 0.0 750_set3 
185.0 -1.0 0.0 0.0 -0.51099 0.0 0.51099 0.0 0.0 0.0 180.0 0.000273 0.0 0.0 0.0 0.0 1.14  19 29 0.0 0.0 750_set2 
185.0 -1.0 0.0 0.0 -0.51099 0.0 0.51099 0.0 0.0 0.0 180.0 0.000273 0.0 0.0 0.0 0.0 1.14  19 29 0.0 0.0 80 
185.0 -1.0 0.0 0.0 -0.51099 0.0 0.51099 0.0 0.0 0.0 180.0 0.000273 0.0 0.0 0.0 0.0 1.14  19 29 0.0 0.0 580_set1 
185.0 -1.0 0.0 0.0 -0.51099 0.0 0.51099 0.0 0.0 0.0 180.0 0.000273 0.0 0.0 0.0 0.0 1.18  19 30 0.0 0.0 580_set2 
185.0 -1.0 0.0 0.0 -0.51099 0.0 0.51099 0.0 0.0 0.0 180.0 0.000273 0.0 0.0 0.0 0.0 1.18  19 30 0.0 0.0 750_set1 
185.0 -1.0 0.0 0.0 -0.51099 0.0 0.51099 0.0 0.0 0.0 180.0 0.000273 0.0 0.0 0.0 0.0 1.18  19 30 0.0 0.0 750_set2 
185.0 -1.0 0.0 0.0 -0.51099 0.0 0.51099 0.0 0.0 0.0 180.0 0.000273 0.0 0.0 0.0 0.0 1.18  19 30 0.0 0.0 750_set3 
185.0 -1.0 0.0 0.0 -0.51099 0.0 0.51099 0.0 0.0 0.0 180.0 0.000273 0.0 0.0 0.0 0.0 1.18  19 30 0.0 0.0 80 
185.0 -1.0 0.0 0.0 -0.51099 0.0 0.51099 0.0 0.0 0.0 180.0 0.000273 0.0 0.0 0.0 0.0 1.18  19 30 0.0 0.0 580_set1 
