
    # average kinematics results
    # averaged kinematic varibles used as input to calculate the averaged 
    # kinematics: Ei, omega, th_e, pf # variables with _mc attached are from histograms not calculated
    #! th_nq_mc[f,0]/ th_nq_calc[f,1]/ pm[f,2]/ Ei[f,3]/ omega[f,4]/ th_e[f,5]/ q_lab[f,6]/ pf[f,7]/ pm_mc[f,8]/ q_mc[f,9]/ th_pq_cm[f,10]/ beta_cm[f,11]/  Q^2[f,12]/  phi[f,13]/ cos_phi[f,14]/ sin_phi[f,15]/ pm_b[f,16]/ ix[i,17]/ iy[i,18]/ pm_b_av[f,19]/ tot_err[f, 20]/ kin[s,21]/
	115.0 -1.0 0.0 0.0 -0.51099 0.0 0.51099 0.0 0.0 0.0 180.0 0.000273 0.0 0.0 0.0 0.0 0.02  12 1 4.2713995 0.0 750_set1 
115.0 -1.0 0.0 0.0 -0.51099 0.0 0.51099 0.0 0.0 0.0 180.0 0.000273 0.0 0.0 0.0 0.0 0.02  12 1 4.2713995 0.0 750_set3 
115.0 -1.0 0.0 0.0 -0.51099 0.0 0.51099 0.0 0.0 0.0 180.0 0.000273 0.0 0.0 0.0 0.0 0.02  12 1 4.2713995 0.0 750_set2 
115.0 -1.0 0.0 0.0 -0.51099 0.0 0.51099 0.0 0.0 0.0 180.0 0.000273 0.0 0.0 0.0 0.0 0.02  12 1 4.2713995 0.0 580_set1 
115.0 -1.0 0.0 0.0 -0.51099 0.0 0.51099 0.0 0.0 0.0 180.0 0.000273 0.0 0.0 0.0 0.0 0.02  12 1 4.2713995 0.0 580_set2 
115.0 111.796693 27.695072 10599.866867 2180.800422 12.174757 2961.443166 2971.837997 25.628397 2961.455345 1.445247 0.730065 4014255.1448527267 151.46336891582158 -0.697564 0.379324 0.02  12 1 4.2713995 0.0 80 
115.0 -1.0 0.0 0.0 -0.51099 0.0 0.51099 0.0 0.0 0.0 180.0 0.000273 0.0 0.0 0.0 0.0 0.06  12 2 9.330614166666667 0.0 750_set1 
115.0 -1.0 0.0 0.0 -0.51099 0.0 0.51099 0.0 0.0 0.0 180.0 0.000273 0.0 0.0 0.0 0.0 0.06  12 2 9.330614166666667 0.0 750_set3 
115.0 -1.0 0.0 0.0 -0.51099 0.0 0.51099 0.0 0.0 0.0 180.0 0.000273 0.0 0.0 0.0 0.0 0.06  12 2 9.330614166666667 0.0 750_set2 
115.0 -1.0 0.0 0.0 -0.51099 0.0 0.51099 0.0 0.0 0.0 180.0 0.000273 0.0 0.0 0.0 0.0 0.06  12 2 9.330614166666667 0.0 580_set1 
115.0 -1.0 0.0 0.0 -0.51099 0.0 0.51099 0.0 0.0 0.0 180.0 0.000273 0.0 0.0 0.0 0.0 0.06  12 2 9.330614166666667 0.0 580_set2 
115.0 112.279622 56.883501 10599.317551 2220.088943 12.196048 2989.612066 3011.638165 55.983685 2989.624739 2.906399 0.729939 4008985.390341932 181.39965819681692 -0.914482 -0.022344 0.06  12 2 9.330614166666667 0.0 80 
115.0 -1.0 0.0 0.0 -0.51099 0.0 0.51099 0.0 0.0 0.0 180.0 0.000273 0.0 0.0 0.0 0.0 0.1  12 3 14.530684833333334 0.0 750_set1 
115.0 -1.0 0.0 0.0 -0.51099 0.0 0.51099 0.0 0.0 0.0 180.0 0.000273 0.0 0.0 0.0 0.0 0.1  12 3 14.530684833333334 0.0 750_set3 
115.0 -1.0 0.0 0.0 -0.51099 0.0 0.51099 0.0 0.0 0.0 180.0 0.000273 0.0 0.0 0.0 0.0 0.1  12 3 14.530684833333334 0.0 750_set2 
115.0 -1.0 0.0 0.0 -0.51099 0.0 0.51099 0.0 0.0 0.0 180.0 0.000273 0.0 0.0 0.0 0.0 0.1  12 3 14.530684833333334 0.0 580_set1 
115.0 -1.0 0.0 0.0 -0.51099 0.0 0.51099 0.0 0.0 0.0 180.0 0.000273 0.0 0.0 0.0 0.0 0.1  12 3 14.530684833333334 0.0 580_set2 
115.0 111.430092 87.370293 10600.230217 2254.620536 12.192404 3012.338186 3045.346498 87.184109 3012.34436 4.418209 0.729339 3990867.5854808446 184.64626492455457 -0.940571 -0.076441 0.1  12 3 14.530684833333334 0.0 80 
115.0 -1.0 0.0 0.0 -0.51099 0.0 0.51099 0.0 0.0 0.0 180.0 0.000273 0.0 0.0 0.0 0.0 0.14  12 4 0.0 0.0 750_set1 
115.0 -1.0 0.0 0.0 -0.51099 0.0 0.51099 0.0 0.0 0.0 180.0 0.000273 0.0 0.0 0.0 0.0 0.14  12 4 0.0 0.0 750_set3 
115.0 -1.0 0.0 0.0 -0.51099 0.0 0.51099 0.0 0.0 0.0 180.0 0.000273 0.0 0.0 0.0 0.0 0.14  12 4 0.0 0.0 750_set2 
115.0 -1.0 0.0 0.0 -0.51099 0.0 0.51099 0.0 0.0 0.0 180.0 0.000273 0.0 0.0 0.0 0.0 0.14  12 4 0.0 0.0 580_set1 
115.0 -1.0 0.0 0.0 -0.51099 0.0 0.51099 0.0 0.0 0.0 180.0 0.000273 0.0 0.0 0.0 0.0 0.14  12 4 0.0 0.0 80 
115.0 -1.0 0.0 0.0 -0.51099 0.0 0.51099 0.0 0.0 0.0 180.0 0.000273 0.0 0.0 0.0 0.0 0.14  12 4 0.0 0.0 580_set2 
115.0 -1.0 0.0 0.0 -0.51099 0.0 0.51099 0.0 0.0 0.0 180.0 0.000273 0.0 0.0 0.0 0.0 0.18  12 5 0.0 0.0 750_set1 
115.0 -1.0 0.0 0.0 -0.51099 0.0 0.51099 0.0 0.0 0.0 180.0 0.000273 0.0 0.0 0.0 0.0 0.18  12 5 0.0 0.0 750_set3 
115.0 -1.0 0.0 0.0 -0.51099 0.0 0.51099 0.0 0.0 0.0 180.0 0.000273 0.0 0.0 0.0 0.0 0.18  12 5 0.0 0.0 750_set2 
115.0 -1.0 0.0 0.0 -0.51099 0.0 0.51099 0.0 0.0 0.0 180.0 0.000273 0.0 0.0 0.0 0.0 0.18  12 5 0.0 0.0 580_set1 
115.0 -1.0 0.0 0.0 -0.51099 0.0 0.51099 0.0 0.0 0.0 180.0 0.000273 0.0 0.0 0.0 0.0 0.18  12 5 0.0 0.0 80 
115.0 -1.0 0.0 0.0 -0.51099 0.0 0.51099 0.0 0.0 0.0 180.0 0.000273 0.0 0.0 0.0 0.0 0.18  12 5 0.0 0.0 580_set2 
115.0 -1.0 0.0 0.0 -0.51099 0.0 0.51099 0.0 0.0 0.0 180.0 0.000273 0.0 0.0 0.0 0.0 0.22  12 6 0.0 0.0 750_set1 
115.0 -1.0 0.0 0.0 -0.51099 0.0 0.51099 0.0 0.0 0.0 180.0 0.000273 0.0 0.0 0.0 0.0 0.22  12 6 0.0 0.0 750_set3 
115.0 -1.0 0.0 0.0 -0.51099 0.0 0.51099 0.0 0.0 0.0 180.0 0.000273 0.0 0.0 0.0 0.0 0.22  12 6 0.0 0.0 750_set2 
115.0 -1.0 0.0 0.0 -0.51099 0.0 0.51099 0.0 0.0 0.0 180.0 0.000273 0.0 0.0 0.0 0.0 0.22  12 6 0.0 0.0 580_set1 
115.0 -1.0 0.0 0.0 -0.51099 0.0 0.51099 0.0 0.0 0.0 180.0 0.000273 0.0 0.0 0.0 0.0 0.22  12 6 0.0 0.0 80 
115.0 -1.0 0.0 0.0 -0.51099 0.0 0.51099 0.0 0.0 0.0 180.0 0.000273 0.0 0.0 0.0 0.0 0.22  12 6 0.0 0.0 580_set2 
115.0 -1.0 0.0 0.0 -0.51099 0.0 0.51099 0.0 0.0 0.0 180.0 0.000273 0.0 0.0 0.0 0.0 0.26  12 7 0.0 0.0 750_set1 
115.0 -1.0 0.0 0.0 -0.51099 0.0 0.51099 0.0 0.0 0.0 180.0 0.000273 0.0 0.0 0.0 0.0 0.26  12 7 0.0 0.0 750_set3 
115.0 -1.0 0.0 0.0 -0.51099 0.0 0.51099 0.0 0.0 0.0 180.0 0.000273 0.0 0.0 0.0 0.0 0.26  12 7 0.0 0.0 750_set2 
115.0 -1.0 0.0 0.0 -0.51099 0.0 0.51099 0.0 0.0 0.0 180.0 0.000273 0.0 0.0 0.0 0.0 0.26  12 7 0.0 0.0 580_set1 
115.0 -1.0 0.0 0.0 -0.51099 0.0 0.51099 0.0 0.0 0.0 180.0 0.000273 0.0 0.0 0.0 0.0 0.26  12 7 0.0 0.0 80 
115.0 -1.0 0.0 0.0 -0.51099 0.0 0.51099 0.0 0.0 0.0 180.0 0.000273 0.0 0.0 0.0 0.0 0.26  12 7 0.0 0.0 580_set2 
115.0 -1.0 0.0 0.0 -0.51099 0.0 0.51099 0.0 0.0 0.0 180.0 0.000273 0.0 0.0 0.0 0.0 0.3  12 8 0.0 0.0 750_set1 
115.0 -1.0 0.0 0.0 -0.51099 0.0 0.51099 0.0 0.0 0.0 180.0 0.000273 0.0 0.0 0.0 0.0 0.3  12 8 0.0 0.0 750_set3 
115.0 -1.0 0.0 0.0 -0.51099 0.0 0.51099 0.0 0.0 0.0 180.0 0.000273 0.0 0.0 0.0 0.0 0.3  12 8 0.0 0.0 750_set2 
115.0 -1.0 0.0 0.0 -0.51099 0.0 0.51099 0.0 0.0 0.0 180.0 0.000273 0.0 0.0 0.0 0.0 0.3  12 8 0.0 0.0 580_set1 
115.0 -1.0 0.0 0.0 -0.51099 0.0 0.51099 0.0 0.0 0.0 180.0 0.000273 0.0 0.0 0.0 0.0 0.3  12 8 0.0 0.0 80 
115.0 -1.0 0.0 0.0 -0.51099 0.0 0.51099 0.0 0.0 0.0 180.0 0.000273 0.0 0.0 0.0 0.0 0.3  12 8 0.0 0.0 580_set2 
115.0 -1.0 0.0 0.0 -0.51099 0.0 0.51099 0.0 0.0 0.0 180.0 0.000273 0.0 0.0 0.0 0.0 0.34  12 9 0.0 0.0 750_set1 
115.0 -1.0 0.0 0.0 -0.51099 0.0 0.51099 0.0 0.0 0.0 180.0 0.000273 0.0 0.0 0.0 0.0 0.34  12 9 0.0 0.0 750_set3 
115.0 -1.0 0.0 0.0 -0.51099 0.0 0.51099 0.0 0.0 0.0 180.0 0.000273 0.0 0.0 0.0 0.0 0.34  12 9 0.0 0.0 750_set2 
115.0 -1.0 0.0 0.0 -0.51099 0.0 0.51099 0.0 0.0 0.0 180.0 0.000273 0.0 0.0 0.0 0.0 0.34  12 9 0.0 0.0 580_set1 
115.0 -1.0 0.0 0.0 -0.51099 0.0 0.51099 0.0 0.0 0.0 180.0 0.000273 0.0 0.0 0.0 0.0 0.34  12 9 0.0 0.0 80 
115.0 -1.0 0.0 0.0 -0.51099 0.0 0.51099 0.0 0.0 0.0 180.0 0.000273 0.0 0.0 0.0 0.0 0.34  12 9 0.0 0.0 580_set2 
115.0 -1.0 0.0 0.0 -0.51099 0.0 0.51099 0.0 0.0 0.0 180.0 0.000273 0.0 0.0 0.0 0.0 0.38  12 10 0.0 0.0 750_set1 
115.0 -1.0 0.0 0.0 -0.51099 0.0 0.51099 0.0 0.0 0.0 180.0 0.000273 0.0 0.0 0.0 0.0 0.38  12 10 0.0 0.0 750_set3 
115.0 -1.0 0.0 0.0 -0.51099 0.0 0.51099 0.0 0.0 0.0 180.0 0.000273 0.0 0.0 0.0 0.0 0.38  12 10 0.0 0.0 750_set2 
115.0 -1.0 0.0 0.0 -0.51099 0.0 0.51099 0.0 0.0 0.0 180.0 0.000273 0.0 0.0 0.0 0.0 0.38  12 10 0.0 0.0 580_set1 
115.0 -1.0 0.0 0.0 -0.51099 0.0 0.51099 0.0 0.0 0.0 180.0 0.000273 0.0 0.0 0.0 0.0 0.38  12 10 0.0 0.0 80 
115.0 -1.0 0.0 0.0 -0.51099 0.0 0.51099 0.0 0.0 0.0 180.0 0.000273 0.0 0.0 0.0 0.0 0.38  12 10 0.0 0.0 580_set2 
115.0 -1.0 0.0 0.0 -0.51099 0.0 0.51099 0.0 0.0 0.0 180.0 0.000273 0.0 0.0 0.0 0.0 0.42  12 11 0.0 0.0 750_set1 
115.0 -1.0 0.0 0.0 -0.51099 0.0 0.51099 0.0 0.0 0.0 180.0 0.000273 0.0 0.0 0.0 0.0 0.42  12 11 0.0 0.0 750_set3 
115.0 -1.0 0.0 0.0 -0.51099 0.0 0.51099 0.0 0.0 0.0 180.0 0.000273 0.0 0.0 0.0 0.0 0.42  12 11 0.0 0.0 750_set2 
115.0 -1.0 0.0 0.0 -0.51099 0.0 0.51099 0.0 0.0 0.0 180.0 0.000273 0.0 0.0 0.0 0.0 0.42  12 11 0.0 0.0 580_set1 
115.0 -1.0 0.0 0.0 -0.51099 0.0 0.51099 0.0 0.0 0.0 180.0 0.000273 0.0 0.0 0.0 0.0 0.42  12 11 0.0 0.0 80 
115.0 -1.0 0.0 0.0 -0.51099 0.0 0.51099 0.0 0.0 0.0 180.0 0.000273 0.0 0.0 0.0 0.0 0.42  12 11 0.0 0.0 580_set2 
115.0 -1.0 0.0 0.0 -0.51099 0.0 0.51099 0.0 0.0 0.0 180.0 0.000273 0.0 0.0 0.0 0.0 0.46  12 12 0.0 0.0 750_set1 
115.0 -1.0 0.0 0.0 -0.51099 0.0 0.51099 0.0 0.0 0.0 180.0 0.000273 0.0 0.0 0.0 0.0 0.46  12 12 0.0 0.0 750_set3 
115.0 -1.0 0.0 0.0 -0.51099 0.0 0.51099 0.0 0.0 0.0 180.0 0.000273 0.0 0.0 0.0 0.0 0.46  12 12 0.0 0.0 750_set2 
115.0 -1.0 0.0 0.0 -0.51099 0.0 0.51099 0.0 0.0 0.0 180.0 0.000273 0.0 0.0 0.0 0.0 0.46  12 12 0.0 0.0 580_set1 
115.0 -1.0 0.0 0.0 -0.51099 0.0 0.51099 0.0 0.0 0.0 180.0 0.000273 0.0 0.0 0.0 0.0 0.46  12 12 0.0 0.0 80 
115.0 -1.0 0.0 0.0 -0.51099 0.0 0.51099 0.0 0.0 0.0 180.0 0.000273 0.0 0.0 0.0 0.0 0.46  12 12 0.0 0.0 580_set2 
115.0 -1.0 0.0 0.0 -0.51099 0.0 0.51099 0.0 0.0 0.0 180.0 0.000273 0.0 0.0 0.0 0.0 0.5  12 13 0.0 0.0 750_set1 
115.0 -1.0 0.0 0.0 -0.51099 0.0 0.51099 0.0 0.0 0.0 180.0 0.000273 0.0 0.0 0.0 0.0 0.5  12 13 0.0 0.0 750_set3 
115.0 -1.0 0.0 0.0 -0.51099 0.0 0.51099 0.0 0.0 0.0 180.0 0.000273 0.0 0.0 0.0 0.0 0.5  12 13 0.0 0.0 750_set2 
115.0 -1.0 0.0 0.0 -0.51099 0.0 0.51099 0.0 0.0 0.0 180.0 0.000273 0.0 0.0 0.0 0.0 0.5  12 13 0.0 0.0 580_set1 
115.0 -1.0 0.0 0.0 -0.51099 0.0 0.51099 0.0 0.0 0.0 180.0 0.000273 0.0 0.0 0.0 0.0 0.5  12 13 0.0 0.0 80 
115.0 -1.0 0.0 0.0 -0.51099 0.0 0.51099 0.0 0.0 0.0 180.0 0.000273 0.0 0.0 0.0 0.0 0.5  12 13 0.0 0.0 580_set2 
115.0 -1.0 0.0 0.0 -0.51099 0.0 0.51099 0.0 0.0 0.0 180.0 0.000273 0.0 0.0 0.0 0.0 0.54  12 14 0.0 0.0 750_set1 
115.0 -1.0 0.0 0.0 -0.51099 0.0 0.51099 0.0 0.0 0.0 180.0 0.000273 0.0 0.0 0.0 0.0 0.54  12 14 0.0 0.0 750_set3 
115.0 -1.0 0.0 0.0 -0.51099 0.0 0.51099 0.0 0.0 0.0 180.0 0.000273 0.0 0.0 0.0 0.0 0.54  12 14 0.0 0.0 750_set2 
115.0 -1.0 0.0 0.0 -0.51099 0.0 0.51099 0.0 0.0 0.0 180.0 0.000273 0.0 0.0 0.0 0.0 0.54  12 14 0.0 0.0 580_set1 
115.0 -1.0 0.0 0.0 -0.51099 0.0 0.51099 0.0 0.0 0.0 180.0 0.000273 0.0 0.0 0.0 0.0 0.54  12 14 0.0 0.0 80 
115.0 -1.0 0.0 0.0 -0.51099 0.0 0.51099 0.0 0.0 0.0 180.0 0.000273 0.0 0.0 0.0 0.0 0.54  12 14 0.0 0.0 580_set2 
115.0 -1.0 0.0 0.0 -0.51099 0.0 0.51099 0.0 0.0 0.0 180.0 0.000273 0.0 0.0 0.0 0.0 0.58  12 15 0.0 0.0 750_set1 
115.0 -1.0 0.0 0.0 -0.51099 0.0 0.51099 0.0 0.0 0.0 180.0 0.000273 0.0 0.0 0.0 0.0 0.58  12 15 0.0 0.0 750_set3 
115.0 -1.0 0.0 0.0 -0.51099 0.0 0.51099 0.0 0.0 0.0 180.0 0.000273 0.0 0.0 0.0 0.0 0.58  12 15 0.0 0.0 750_set2 
115.0 -1.0 0.0 0.0 -0.51099 0.0 0.51099 0.0 0.0 0.0 180.0 0.000273 0.0 0.0 0.0 0.0 0.58  12 15 0.0 0.0 580_set1 
115.0 -1.0 0.0 0.0 -0.51099 0.0 0.51099 0.0 0.0 0.0 180.0 0.000273 0.0 0.0 0.0 0.0 0.58  12 15 0.0 0.0 80 
115.0 -1.0 0.0 0.0 -0.51099 0.0 0.51099 0.0 0.0 0.0 180.0 0.000273 0.0 0.0 0.0 0.0 0.58  12 15 0.0 0.0 580_set2 
115.0 -1.0 0.0 0.0 -0.51099 0.0 0.51099 0.0 0.0 0.0 180.0 0.000273 0.0 0.0 0.0 0.0 0.62  12 16 0.0 0.0 750_set1 
115.0 -1.0 0.0 0.0 -0.51099 0.0 0.51099 0.0 0.0 0.0 180.0 0.000273 0.0 0.0 0.0 0.0 0.62  12 16 0.0 0.0 750_set3 
115.0 -1.0 0.0 0.0 -0.51099 0.0 0.51099 0.0 0.0 0.0 180.0 0.000273 0.0 0.0 0.0 0.0 0.62  12 16 0.0 0.0 750_set2 
115.0 -1.0 0.0 0.0 -0.51099 0.0 0.51099 0.0 0.0 0.0 180.0 0.000273 0.0 0.0 0.0 0.0 0.62  12 16 0.0 0.0 580_set1 
115.0 -1.0 0.0 0.0 -0.51099 0.0 0.51099 0.0 0.0 0.0 180.0 0.000273 0.0 0.0 0.0 0.0 0.62  12 16 0.0 0.0 80 
115.0 -1.0 0.0 0.0 -0.51099 0.0 0.51099 0.0 0.0 0.0 180.0 0.000273 0.0 0.0 0.0 0.0 0.62  12 16 0.0 0.0 580_set2 
115.0 -1.0 0.0 0.0 -0.51099 0.0 0.51099 0.0 0.0 0.0 180.0 0.000273 0.0 0.0 0.0 0.0 0.66  12 17 0.0 0.0 750_set1 
115.0 -1.0 0.0 0.0 -0.51099 0.0 0.51099 0.0 0.0 0.0 180.0 0.000273 0.0 0.0 0.0 0.0 0.66  12 17 0.0 0.0 750_set3 
115.0 -1.0 0.0 0.0 -0.51099 0.0 0.51099 0.0 0.0 0.0 180.0 0.000273 0.0 0.0 0.0 0.0 0.66  12 17 0.0 0.0 750_set2 
115.0 -1.0 0.0 0.0 -0.51099 0.0 0.51099 0.0 0.0 0.0 180.0 0.000273 0.0 0.0 0.0 0.0 0.66  12 17 0.0 0.0 580_set1 
115.0 -1.0 0.0 0.0 -0.51099 0.0 0.51099 0.0 0.0 0.0 180.0 0.000273 0.0 0.0 0.0 0.0 0.66  12 17 0.0 0.0 80 
115.0 -1.0 0.0 0.0 -0.51099 0.0 0.51099 0.0 0.0 0.0 180.0 0.000273 0.0 0.0 0.0 0.0 0.66  12 17 0.0 0.0 580_set2 
115.0 -1.0 0.0 0.0 -0.51099 0.0 0.51099 0.0 0.0 0.0 180.0 0.000273 0.0 0.0 0.0 0.0 0.7  12 18 0.0 0.0 750_set1 
115.0 -1.0 0.0 0.0 -0.51099 0.0 0.51099 0.0 0.0 0.0 180.0 0.000273 0.0 0.0 0.0 0.0 0.7  12 18 0.0 0.0 750_set3 
115.0 -1.0 0.0 0.0 -0.51099 0.0 0.51099 0.0 0.0 0.0 180.0 0.000273 0.0 0.0 0.0 0.0 0.7  12 18 0.0 0.0 750_set2 
115.0 -1.0 0.0 0.0 -0.51099 0.0 0.51099 0.0 0.0 0.0 180.0 0.000273 0.0 0.0 0.0 0.0 0.7  12 18 0.0 0.0 580_set1 
115.0 -1.0 0.0 0.0 -0.51099 0.0 0.51099 0.0 0.0 0.0 180.0 0.000273 0.0 0.0 0.0 0.0 0.7  12 18 0.0 0.0 80 
115.0 -1.0 0.0 0.0 -0.51099 0.0 0.51099 0.0 0.0 0.0 180.0 0.000273 0.0 0.0 0.0 0.0 0.7  12 18 0.0 0.0 580_set2 
115.0 -1.0 0.0 0.0 -0.51099 0.0 0.51099 0.0 0.0 0.0 180.0 0.000273 0.0 0.0 0.0 0.0 0.74  12 19 0.0 0.0 750_set1 
115.0 -1.0 0.0 0.0 -0.51099 0.0 0.51099 0.0 0.0 0.0 180.0 0.000273 0.0 0.0 0.0 0.0 0.74  12 19 0.0 0.0 750_set3 
115.0 -1.0 0.0 0.0 -0.51099 0.0 0.51099 0.0 0.0 0.0 180.0 0.000273 0.0 0.0 0.0 0.0 0.74  12 19 0.0 0.0 750_set2 
115.0 -1.0 0.0 0.0 -0.51099 0.0 0.51099 0.0 0.0 0.0 180.0 0.000273 0.0 0.0 0.0 0.0 0.74  12 19 0.0 0.0 580_set1 
115.0 -1.0 0.0 0.0 -0.51099 0.0 0.51099 0.0 0.0 0.0 180.0 0.000273 0.0 0.0 0.0 0.0 0.74  12 19 0.0 0.0 80 
115.0 -1.0 0.0 0.0 -0.51099 0.0 0.51099 0.0 0.0 0.0 180.0 0.000273 0.0 0.0 0.0 0.0 0.74  12 19 0.0 0.0 580_set2 
115.0 -1.0 0.0 0.0 -0.51099 0.0 0.51099 0.0 0.0 0.0 180.0 0.000273 0.0 0.0 0.0 0.0 0.78  12 20 0.0 0.0 750_set1 
115.0 -1.0 0.0 0.0 -0.51099 0.0 0.51099 0.0 0.0 0.0 180.0 0.000273 0.0 0.0 0.0 0.0 0.78  12 20 0.0 0.0 750_set3 
115.0 -1.0 0.0 0.0 -0.51099 0.0 0.51099 0.0 0.0 0.0 180.0 0.000273 0.0 0.0 0.0 0.0 0.78  12 20 0.0 0.0 750_set2 
115.0 -1.0 0.0 0.0 -0.51099 0.0 0.51099 0.0 0.0 0.0 180.0 0.000273 0.0 0.0 0.0 0.0 0.78  12 20 0.0 0.0 580_set1 
115.0 -1.0 0.0 0.0 -0.51099 0.0 0.51099 0.0 0.0 0.0 180.0 0.000273 0.0 0.0 0.0 0.0 0.78  12 20 0.0 0.0 80 
115.0 -1.0 0.0 0.0 -0.51099 0.0 0.51099 0.0 0.0 0.0 180.0 0.000273 0.0 0.0 0.0 0.0 0.78  12 20 0.0 0.0 580_set2 
115.0 -1.0 0.0 0.0 -0.51099 0.0 0.51099 0.0 0.0 0.0 180.0 0.000273 0.0 0.0 0.0 0.0 0.82  12 21 0.0 0.0 750_set1 
115.0 -1.0 0.0 0.0 -0.51099 0.0 0.51099 0.0 0.0 0.0 180.0 0.000273 0.0 0.0 0.0 0.0 0.82  12 21 0.0 0.0 750_set3 
115.0 -1.0 0.0 0.0 -0.51099 0.0 0.51099 0.0 0.0 0.0 180.0 0.000273 0.0 0.0 0.0 0.0 0.82  12 21 0.0 0.0 750_set2 
115.0 -1.0 0.0 0.0 -0.51099 0.0 0.51099 0.0 0.0 0.0 180.0 0.000273 0.0 0.0 0.0 0.0 0.82  12 21 0.0 0.0 580_set1 
115.0 -1.0 0.0 0.0 -0.51099 0.0 0.51099 0.0 0.0 0.0 180.0 0.000273 0.0 0.0 0.0 0.0 0.82  12 21 0.0 0.0 80 
115.0 -1.0 0.0 0.0 -0.51099 0.0 0.51099 0.0 0.0 0.0 180.0 0.000273 0.0 0.0 0.0 0.0 0.82  12 21 0.0 0.0 580_set2 
115.0 -1.0 0.0 0.0 -0.51099 0.0 0.51099 0.0 0.0 0.0 180.0 0.000273 0.0 0.0 0.0 0.0 0.86  12 22 0.0 0.0 750_set1 
115.0 -1.0 0.0 0.0 -0.51099 0.0 0.51099 0.0 0.0 0.0 180.0 0.000273 0.0 0.0 0.0 0.0 0.86  12 22 0.0 0.0 750_set3 
115.0 -1.0 0.0 0.0 -0.51099 0.0 0.51099 0.0 0.0 0.0 180.0 0.000273 0.0 0.0 0.0 0.0 0.86  12 22 0.0 0.0 750_set2 
115.0 -1.0 0.0 0.0 -0.51099 0.0 0.51099 0.0 0.0 0.0 180.0 0.000273 0.0 0.0 0.0 0.0 0.86  12 22 0.0 0.0 580_set1 
115.0 -1.0 0.0 0.0 -0.51099 0.0 0.51099 0.0 0.0 0.0 180.0 0.000273 0.0 0.0 0.0 0.0 0.86  12 22 0.0 0.0 80 
115.0 -1.0 0.0 0.0 -0.51099 0.0 0.51099 0.0 0.0 0.0 180.0 0.000273 0.0 0.0 0.0 0.0 0.86  12 22 0.0 0.0 580_set2 
115.0 -1.0 0.0 0.0 -0.51099 0.0 0.51099 0.0 0.0 0.0 180.0 0.000273 0.0 0.0 0.0 0.0 0.9  12 23 0.0 0.0 750_set1 
115.0 -1.0 0.0 0.0 -0.51099 0.0 0.51099 0.0 0.0 0.0 180.0 0.000273 0.0 0.0 0.0 0.0 0.9  12 23 0.0 0.0 750_set3 
115.0 -1.0 0.0 0.0 -0.51099 0.0 0.51099 0.0 0.0 0.0 180.0 0.000273 0.0 0.0 0.0 0.0 0.9  12 23 0.0 0.0 750_set2 
115.0 -1.0 0.0 0.0 -0.51099 0.0 0.51099 0.0 0.0 0.0 180.0 0.000273 0.0 0.0 0.0 0.0 0.9  12 23 0.0 0.0 580_set1 
115.0 -1.0 0.0 0.0 -0.51099 0.0 0.51099 0.0 0.0 0.0 180.0 0.000273 0.0 0.0 0.0 0.0 0.9  12 23 0.0 0.0 80 
115.0 -1.0 0.0 0.0 -0.51099 0.0 0.51099 0.0 0.0 0.0 180.0 0.000273 0.0 0.0 0.0 0.0 0.9  12 23 0.0 0.0 580_set2 
115.0 -1.0 0.0 0.0 -0.51099 0.0 0.51099 0.0 0.0 0.0 180.0 0.000273 0.0 0.0 0.0 0.0 0.94  12 24 0.0 0.0 750_set1 
115.0 -1.0 0.0 0.0 -0.51099 0.0 0.51099 0.0 0.0 0.0 180.0 0.000273 0.0 0.0 0.0 0.0 0.94  12 24 0.0 0.0 750_set3 
115.0 -1.0 0.0 0.0 -0.51099 0.0 0.51099 0.0 0.0 0.0 180.0 0.000273 0.0 0.0 0.0 0.0 0.94  12 24 0.0 0.0 750_set2 
115.0 -1.0 0.0 0.0 -0.51099 0.0 0.51099 0.0 0.0 0.0 180.0 0.000273 0.0 0.0 0.0 0.0 0.94  12 24 0.0 0.0 580_set1 
115.0 -1.0 0.0 0.0 -0.51099 0.0 0.51099 0.0 0.0 0.0 180.0 0.000273 0.0 0.0 0.0 0.0 0.94  12 24 0.0 0.0 80 
115.0 -1.0 0.0 0.0 -0.51099 0.0 0.51099 0.0 0.0 0.0 180.0 0.000273 0.0 0.0 0.0 0.0 0.94  12 24 0.0 0.0 580_set2 
115.0 -1.0 0.0 0.0 -0.51099 0.0 0.51099 0.0 0.0 0.0 180.0 0.000273 0.0 0.0 0.0 0.0 0.98  12 25 0.0 0.0 750_set1 
115.0 -1.0 0.0 0.0 -0.51099 0.0 0.51099 0.0 0.0 0.0 180.0 0.000273 0.0 0.0 0.0 0.0 0.98  12 25 0.0 0.0 750_set3 
115.0 -1.0 0.0 0.0 -0.51099 0.0 0.51099 0.0 0.0 0.0 180.0 0.000273 0.0 0.0 0.0 0.0 0.98  12 25 0.0 0.0 750_set2 
115.0 -1.0 0.0 0.0 -0.51099 0.0 0.51099 0.0 0.0 0.0 180.0 0.000273 0.0 0.0 0.0 0.0 0.98  12 25 0.0 0.0 580_set1 
115.0 -1.0 0.0 0.0 -0.51099 0.0 0.51099 0.0 0.0 0.0 180.0 0.000273 0.0 0.0 0.0 0.0 0.98  12 25 0.0 0.0 80 
115.0 -1.0 0.0 0.0 -0.51099 0.0 0.51099 0.0 0.0 0.0 180.0 0.000273 0.0 0.0 0.0 0.0 0.98  12 25 0.0 0.0 580_set2 
115.0 -1.0 0.0 0.0 -0.51099 0.0 0.51099 0.0 0.0 0.0 180.0 0.000273 0.0 0.0 0.0 0.0 1.02  12 26 0.0 0.0 750_set1 
115.0 -1.0 0.0 0.0 -0.51099 0.0 0.51099 0.0 0.0 0.0 180.0 0.000273 0.0 0.0 0.0 0.0 1.02  12 26 0.0 0.0 750_set3 
115.0 -1.0 0.0 0.0 -0.51099 0.0 0.51099 0.0 0.0 0.0 180.0 0.000273 0.0 0.0 0.0 0.0 1.02  12 26 0.0 0.0 750_set2 
115.0 -1.0 0.0 0.0 -0.51099 0.0 0.51099 0.0 0.0 0.0 180.0 0.000273 0.0 0.0 0.0 0.0 1.02  12 26 0.0 0.0 580_set1 
115.0 -1.0 0.0 0.0 -0.51099 0.0 0.51099 0.0 0.0 0.0 180.0 0.000273 0.0 0.0 0.0 0.0 1.02  12 26 0.0 0.0 80 
115.0 -1.0 0.0 0.0 -0.51099 0.0 0.51099 0.0 0.0 0.0 180.0 0.000273 0.0 0.0 0.0 0.0 1.02  12 26 0.0 0.0 580_set2 
115.0 -1.0 0.0 0.0 -0.51099 0.0 0.51099 0.0 0.0 0.0 180.0 0.000273 0.0 0.0 0.0 0.0 1.06  12 27 0.0 0.0 750_set1 
115.0 -1.0 0.0 0.0 -0.51099 0.0 0.51099 0.0 0.0 0.0 180.0 0.000273 0.0 0.0 0.0 0.0 1.06  12 27 0.0 0.0 750_set3 
115.0 -1.0 0.0 0.0 -0.51099 0.0 0.51099 0.0 0.0 0.0 180.0 0.000273 0.0 0.0 0.0 0.0 1.06  12 27 0.0 0.0 750_set2 
115.0 -1.0 0.0 0.0 -0.51099 0.0 0.51099 0.0 0.0 0.0 180.0 0.000273 0.0 0.0 0.0 0.0 1.06  12 27 0.0 0.0 580_set1 
115.0 -1.0 0.0 0.0 -0.51099 0.0 0.51099 0.0 0.0 0.0 180.0 0.000273 0.0 0.0 0.0 0.0 1.06  12 27 0.0 0.0 80 
115.0 -1.0 0.0 0.0 -0.51099 0.0 0.51099 0.0 0.0 0.0 180.0 0.000273 0.0 0.0 0.0 0.0 1.06  12 27 0.0 0.0 580_set2 
115.0 -1.0 0.0 0.0 -0.51099 0.0 0.51099 0.0 0.0 0.0 180.0 0.000273 0.0 0.0 0.0 0.0 1.1  12 28 0.0 0.0 750_set1 
115.0 -1.0 0.0 0.0 -0.51099 0.0 0.51099 0.0 0.0 0.0 180.0 0.000273 0.0 0.0 0.0 0.0 1.1  12 28 0.0 0.0 750_set3 
115.0 -1.0 0.0 0.0 -0.51099 0.0 0.51099 0.0 0.0 0.0 180.0 0.000273 0.0 0.0 0.0 0.0 1.1  12 28 0.0 0.0 750_set2 
115.0 -1.0 0.0 0.0 -0.51099 0.0 0.51099 0.0 0.0 0.0 180.0 0.000273 0.0 0.0 0.0 0.0 1.1  12 28 0.0 0.0 580_set1 
115.0 -1.0 0.0 0.0 -0.51099 0.0 0.51099 0.0 0.0 0.0 180.0 0.000273 0.0 0.0 0.0 0.0 1.1  12 28 0.0 0.0 80 
115.0 -1.0 0.0 0.0 -0.51099 0.0 0.51099 0.0 0.0 0.0 180.0 0.000273 0.0 0.0 0.0 0.0 1.1  12 28 0.0 0.0 580_set2 
115.0 -1.0 0.0 0.0 -0.51099 0.0 0.51099 0.0 0.0 0.0 180.0 0.000273 0.0 0.0 0.0 0.0 1.14  12 29 0.0 0.0 750_set1 
115.0 -1.0 0.0 0.0 -0.51099 0.0 0.51099 0.0 0.0 0.0 180.0 0.000273 0.0 0.0 0.0 0.0 1.14  12 29 0.0 0.0 750_set3 
115.0 -1.0 0.0 0.0 -0.51099 0.0 0.51099 0.0 0.0 0.0 180.0 0.000273 0.0 0.0 0.0 0.0 1.14  12 29 0.0 0.0 750_set2 
115.0 -1.0 0.0 0.0 -0.51099 0.0 0.51099 0.0 0.0 0.0 180.0 0.000273 0.0 0.0 0.0 0.0 1.14  12 29 0.0 0.0 580_set1 
115.0 -1.0 0.0 0.0 -0.51099 0.0 0.51099 0.0 0.0 0.0 180.0 0.000273 0.0 0.0 0.0 0.0 1.14  12 29 0.0 0.0 80 
115.0 -1.0 0.0 0.0 -0.51099 0.0 0.51099 0.0 0.0 0.0 180.0 0.000273 0.0 0.0 0.0 0.0 1.14  12 29 0.0 0.0 580_set2 
115.0 -1.0 0.0 0.0 -0.51099 0.0 0.51099 0.0 0.0 0.0 180.0 0.000273 0.0 0.0 0.0 0.0 1.18  12 30 0.0 0.0 750_set1 
115.0 -1.0 0.0 0.0 -0.51099 0.0 0.51099 0.0 0.0 0.0 180.0 0.000273 0.0 0.0 0.0 0.0 1.18  12 30 0.0 0.0 750_set3 
115.0 -1.0 0.0 0.0 -0.51099 0.0 0.51099 0.0 0.0 0.0 180.0 0.000273 0.0 0.0 0.0 0.0 1.18  12 30 0.0 0.0 750_set2 
115.0 -1.0 0.0 0.0 -0.51099 0.0 0.51099 0.0 0.0 0.0 180.0 0.000273 0.0 0.0 0.0 0.0 1.18  12 30 0.0 0.0 580_set1 
115.0 -1.0 0.0 0.0 -0.51099 0.0 0.51099 0.0 0.0 0.0 180.0 0.000273 0.0 0.0 0.0 0.0 1.18  12 30 0.0 0.0 80 
115.0 -1.0 0.0 0.0 -0.51099 0.0 0.51099 0.0 0.0 0.0 180.0 0.000273 0.0 0.0 0.0 0.0 1.18  12 30 0.0 0.0 580_set2 
