#This file contains the reduced cross section from J.W.V.Orden theoretical calculations using some of the models described in 2014 Deuteron Momentum Dist. Article
#The units are: pm_avg(GeV/c), red_Xsec (fm^3)
#! Nr[i,0]/ pm_avg[f,1]/ WJC2_GKex05_PWBA_red[f,2]/ WJC2_GKex05_DWBA_red[f,3]/ WJC2_AMT_PWBA_red[f,4]/ WJC2_AMT_DWBA_red[f,5]/ AV18_GKex05_PWBA_red[f,6]/ AV18_GKex05_DWBA_red[f,7]/  AV18_AMT_PWBA_red[f,8]/ AV18_AMT_DWBA_red[f,9]/  CD_GKex05_PWBA_red[f,10]/ CD_GKex05_DWBA_red[f,11]/ CD_AMT_PWBA_red[f,12]/ CD_AMT_DWBA_red[f,13]/ 
0  0.032054  5.2692E+00  5.0833E+00  5.5991E+00  5.4010E+00  5.3443E+00  5.1565E+00  5.6790E+00  5.4789E+00  5.3544E+00  5.1606E+00  5.6899E+00  5.4833E+00 
1  0.061312  1.3848E+00  1.2953E+00  1.4720E+00  1.3767E+00  1.4011E+00  1.3111E+00  1.4894E+00  1.3934E+00  1.4064E+00  1.3132E+00  1.4950E+00  1.3956E+00 
2  0.097880  2.9824E-01  2.6079E-01  3.1714E-01  2.7721E-01  3.0023E-01  2.6262E-01  3.1924E-01  2.7916E-01  3.0305E-01  2.6396E-01  3.2227E-01  2.8057E-01 
3  0.137150  7.4714E-02  5.8347E-02  7.9480E-02  6.2023E-02  7.4488E-02  5.8139E-02  7.9238E-02  6.1799E-02  7.6049E-02  5.8940E-02  8.0899E-02  6.2647E-02 
4  0.176930  2.2656E-02  1.5062E-02  2.4108E-02  1.6007E-02  2.2255E-02  1.4730E-02  2.3680E-02  1.5653E-02  2.3116E-02  1.5156E-02  2.4598E-02  1.6104E-02 
5  0.217240  7.9512E-03  4.3730E-03  8.4614E-03  4.6479E-03  7.6544E-03  4.1565E-03  8.1455E-03  4.4174E-03  8.1049E-03  4.3343E-03  8.6251E-03  4.6051E-03 
6  0.258090  3.1859E-03  1.5757E-03  3.3903E-03  1.6780E-03  2.9966E-03  1.4617E-03  3.1890E-03  1.5566E-03  3.2029E-03  1.4878E-03  3.4083E-03  1.5834E-03 
7  0.299690  1.4585E-03  8.5501E-04  1.5519E-03  9.1378E-04  1.3431E-03  8.0576E-04  1.4292E-03  8.6137E-04  1.4076E-03  7.4842E-04  1.4977E-03  7.9952E-04 
8  0.339650  7.9028E-04  6.7813E-04  8.4086E-04  7.2609E-04  7.1972E-04  6.6434E-04  7.6578E-04  7.1147E-04  7.1043E-04  5.7119E-04  7.5586E-04  6.1162E-04 
9  0.379690  4.7982E-04  5.9977E-04  5.1048E-04  6.4230E-04  4.3761E-04  6.0468E-04  4.6557E-04  6.4755E-04  3.9172E-04  5.0281E-04  4.1671E-04  5.3849E-04 
10  0.419340  3.1867E-04  5.1902E-04  3.3901E-04  5.5554E-04  2.9308E-04  5.3055E-04  3.1178E-04  5.6789E-04  2.3290E-04  4.3513E-04  2.4775E-04  4.6576E-04 
11  0.458630  2.2594E-04  4.2606E-04  2.4032E-04  4.5576E-04  2.0829E-04  4.3444E-04  2.2155E-04  4.6469E-04  1.4619E-04  3.5241E-04  1.5549E-04  3.7692E-04 
12  0.498120  1.6771E-04  3.3493E-04  1.7837E-04  3.5807E-04  1.5209E-04  3.3512E-04  1.6176E-04  3.5823E-04  9.4544E-05  2.6835E-04  1.0055E-04  2.8680E-04 
13  0.537630  1.2793E-04  2.5117E-04  1.3604E-04  2.6835E-04  1.1241E-04  2.4385E-04  1.1954E-04  2.6052E-04  6.2345E-05  1.9174E-04  6.6298E-05  2.0478E-04 
14  0.576880  9.8040E-05  1.7969E-04  1.0425E-04  1.9188E-04  8.3426E-05  1.6914E-04  8.8707E-05  1.8061E-04  4.1649E-05  1.2971E-04  4.4284E-05  1.3844E-04 
