#This file contains the digitized 5-fold diff. cross section, and corresponsing reduced Xsec for the PWIA calculations plot from W.V.Orden 2014 Deuteron Momentum Dist. Article
#[0:19], lower bound, [20:40] upper bound
#The electron kinematics used were: Eb = 12 GeV, Q2 = 4.25 GeV2, x_bj = 1.35, phi_pq = 180 deg:: theoryXsec[fm^3 sr^2], redXsec[fm^3], K_frec_sigcc1 [sr^2]
 #! Pm[f,0]/ theory_Xsec[f,1]/  red_theoryXsec[f,2]/  K_frec_sigcc1[f,3]/
0.27376        2.17359E-08    1.76806E-03    1.22936E-05    
0.29457        1.47032E-08    1.13487E-03    1.29558E-05    
0.32443        9.34238E-09    6.81048E-04    1.37177E-05    
0.35520        6.02979E-09    4.18650E-04    1.44029E-05    
0.39050        4.01540E-09    2.65551E-04    1.51210E-05    
0.42670        2.75892E-09    1.74545E-04    1.58064E-05    
0.46561        1.80878E-09    1.09639E-04    1.64976E-05    
0.50452        1.24281E-09    7.24803E-05    1.71469E-05    
0.54525        8.27591E-10    4.65378E-05    1.77832E-05    
0.58688        5.68634E-10    3.09250E-05    1.83875E-05    
0.62579        3.96861E-10    2.09882E-05    1.89088E-05    
0.66561        2.68447E-10    1.38395E-05    1.93971E-05    
0.70633        1.81584E-10    9.14909E-06    1.98473E-05    
0.74615        1.22829E-10    6.06926E-06    2.02378E-05    
0.78416        8.30818E-11    4.04028E-06    2.05634E-05    
0.82398        5.53282E-11    2.65314E-06    2.08539E-05    
0.86109        3.62731E-11    1.72096E-06    2.10773E-05    
0.90181        2.41554E-11    1.13570E-06    2.12692E-05    
0.94072        1.55906E-11    7.28517E-07    2.14005E-05    
0.98054        9.90635E-12    4.61144E-07    2.14821E-05    
0.27376        2.88017E-08    2.34281E-03    1.22936E-05    
0.30090        1.94823E-08    1.48384E-03    1.31296E-05    
0.33801        1.31780E-08    9.39347E-04    1.40289E-05    
0.37149        9.94554E-09    6.74662E-04    1.47415E-05    
0.40317        7.99009E-09    5.19983E-04    1.53660E-05    
0.43846        6.52015E-09    4.07003E-04    1.60199E-05    
0.47557        5.40458E-09    3.24256E-04    1.66677E-05    
0.51086        4.55048E-09    2.63814E-04    1.72488E-05    
0.54253        3.83138E-09    2.15949E-04    1.77421E-05    
0.58054        3.17590E-09    1.73561E-04    1.82985E-05    
0.61403        2.67402E-09    1.42570E-04    1.87558E-05    
0.64480        2.11489E-09    1.10451E-04    1.91477E-05    
0.68552        1.62122E-09    8.26162E-05    1.96235E-05    
0.72715        1.20454E-09    6.00539E-05    2.00577E-05    
0.76968        8.67315E-10    4.24221E-05    2.04449E-05    
0.81584        5.86698E-10    2.82083E-05    2.07988E-05    
0.85294        4.22470E-10    2.00869E-05    2.10321E-05    
0.89457        2.94847E-10    1.38822E-05    2.12392E-05    
0.93891        1.99441E-10    9.32163E-06    2.13955E-05    
0.97783        1.37035E-10    6.38019E-06    2.14783E-05    
