#This datafile contains ratio of J.W.V.Orden to Misak calculations using different fofa parametrizations
#Units: pm_avg [GeV/c],   theta_nq = 45 +\- 5 deg 
#R_av18_GK_pwia = redXsec_av18_GK / redXsec_av18_jjk, R_av18_amt_pwia = redXsec_av18_amt / redXsec_av18_jjk, same for CD-Bonn 
#!pm_avg[f,0]/ R_av18_GK_pwia[f,1]/ R_av18_amt_pwia[f,2]/ R_cd_GK_pwia[f,3]/ R_cd_amt_pwia[f,4]/ R_av18_GK2amt_pwia[f,5]/ R_cd_GK2amt_pwia[f,6]/ R_wjc2_GK2amt_pwia[f,7]/
0.03147 -0.72308  5.51084  -0.67959  5.55792  -5.90833  -5.90908  -5.91054
0.06241 -3.29972  2.85842  -3.29340  2.86289  -5.98701  -5.98495  -5.99286
0.09921 -0.49930  5.94175  -0.53797  5.90104  -6.07981  -6.08022  -6.07994
0.13844 -2.17839  4.24912  -2.19791  4.23100  -6.16553  -6.16795  -6.16396
0.17838 0.13371  6.78445  0.09227  6.73668  -6.22819  -6.22505  -6.22992
0.21825 1.46457  8.26769  1.37250  8.17304  -6.28362  -6.28672  -6.29121
0.25782 1.53033  8.41430  1.43323  8.30849  -6.34969  -6.34784  -6.34756
0.29790 3.31242  10.38018  3.22821  10.29932  -6.40310  -6.41084  -6.41483
0.33797 4.05148  11.23917  4.04047  11.22850  -6.46148  -6.46241  -6.45708
0.37827 4.69191  11.97426  4.68583  11.97077  -6.50359  -6.50612  -6.50242
0.42655 6.83552  13.44181  7.77057  14.44675  -5.82351  -5.83344  -5.82431
0.46346 4.41190  11.29545  4.45139  11.34804  -6.18493  -6.19378  -6.18740
0.50150 5.65163  12.24282  5.86484  12.46391  -5.87226  -5.86772  -5.87043
0.54628 6.32773  12.99787  6.91524  13.61489  -5.90289  -5.89680  -5.90550
0.58274 4.32370  10.84841  4.15350  10.66164  -5.88615  -5.88112  -5.88800
0.62105 4.22838  10.80804  4.01728  10.57547  -5.93789  -5.93096  -5.94078
0.65942 3.48052  10.00738  3.17623  9.67615  -5.93312  -5.92647  -5.93719
0.69700 0.97966  7.39006  0.34261  6.70737  -5.96927  -5.96469  -5.97371
0.73983 0.21003  6.62306  -0.50088  5.85340  -6.01467  -6.00291  -6.01943
0.77941 -0.95156  5.41879  -1.84922  4.45506  -6.04290  -6.03540  -6.05127
0.81913 -2.34485  3.96438  -3.33877  2.89963  -6.06864  -6.06260  -6.07903
0.85887 -3.75474  2.49485  -4.87519  1.29340  -6.09746  -6.08983  -6.10434
0.89857 -5.56588  0.58647  -6.75677  -0.69227  -6.11648  -6.10677  -6.12884
0.93835 -7.40396  -1.38029  -8.63182  -2.69773  -6.10798  -6.09862  -6.12023
0.97818 -9.48146  -3.53626  -10.71596  -4.85966  -6.16314  -6.15544  -6.17554
1.01796 -11.48335  -5.67993  -12.70527  -6.98635  -6.15291  -6.14847  -6.17180
1.05769 -13.53004  -7.82715  -14.71847  -9.08445  -6.18718  -6.19699  -6.21289
1.09750 -15.36601  -9.80411  -16.55830  -11.05843  -6.16646  -6.18369  -6.18904
1.13705 -17.32582  -11.90184  -18.44955  -13.07312  -6.15675  -6.18501  -6.18522
1.17301 -18.97429  -13.67233  -19.65817  -14.36013  -6.14167  -6.18642  -6.17583
