#This datafile contains redXsec from Hall C Deuteron Experiment: E12-10-003
#Units: pm_avg [GeV/c] :: redXsec [fm^3],   theta_nq = 35 +\- 5 deg 
#!pm_avg[f,0]/   data_redXsec[f,1]/   data_redXsec_tot_err[f,2]/   stats_rel_err[f,3]/  kin_rel_err[f,4]/   norm_rel_err[f,5]   tot_rel_syst_err[f,6]/   tot_rel_err[f,7]/ 
0.03181 4.00752E+00  8.56762E-01  0.20911  0.02525  0.03661  0.04447  0.21379
0.06217 1.18175E+00  9.50033E-02  0.06318  0.03363  0.03661  0.04971  0.08039
0.09914 2.89098E-01  2.07156E-02  0.04603  0.04093  0.03661  0.05492  0.07166
0.13875 7.58637E-02  6.31829E-03  0.05773  0.04758  0.03661  0.06003  0.08328
0.17780 2.00701E-02  2.40172E-03  0.10124  0.05225  0.03661  0.06380  0.11967
0.21766 8.64055E-03  1.47211E-03  0.15720  0.05455  0.03661  0.06570  0.17037
0.25754 2.78281E-03  8.24326E-04  0.28923  0.05247  0.03661  0.06398  0.29622
0.29743 NAN  4.84788E-04  0.57764  0.04600  0.03661  0.05879  0.58063
0.33737 NAN  5.33352E-04  0.70741  0.03889  0.03661  0.05341  0.70942
0.38766 NAN  6.19968E-04  1.00033  0.03173  0.03661  0.04845  1.00151
0.42406 NAN  NAN  nan  nan  nan  nan  nan
0.46038 9.62137E-05  4.39935E-05  0.45411  0.00718  0.05302  0.05351  0.45725
0.50522 6.00910E-05  1.72478E-05  0.28200  0.00707  0.05302  0.05349  0.28703
0.54507 4.24708E-05  1.00688E-05  0.23096  0.00716  0.05302  0.05350  0.23708
0.58242 1.86894E-05  5.18048E-06  0.26659  0.01092  0.07514  0.07593  0.27719
0.62089 2.27589E-05  4.68849E-06  0.18759  0.01328  0.08410  0.08514  0.20601
0.66017 1.23535E-05  2.83780E-06  0.21671  0.01260  0.07514  0.07619  0.22972
0.69960 1.24201E-05  2.51358E-06  0.18345  0.01523  0.08410  0.08546  0.20238
0.73908 1.00135E-05  2.09882E-06  0.19130  0.01630  0.08410  0.08566  0.20960
0.77892 1.16154E-05  2.28617E-06  0.18114  0.01634  0.07523  0.07698  0.19682
0.81867 6.12313E-06  1.53960E-06  0.23619  0.01905  0.08410  0.08623  0.25144
0.85839 7.12090E-06  1.70396E-06  0.22308  0.02059  0.08410  0.08658  0.23929
0.89810 4.19552E-06  1.34569E-06  0.31341  0.01971  0.06527  0.06818  0.32075
0.93788 3.56356E-06  1.28490E-06  0.35394  0.02171  0.06527  0.06879  0.36057
0.97768 NAN  1.62181E-06  0.50012  0.01418  0.03769  0.04027  0.50174
1.01733 NAN  1.33331E-06  0.61153  0.02853  0.05335  0.06050  0.61452
1.05688 NAN  1.69152E-06  0.53713  0.12543  0.05325  0.13627  0.55414
1.09702 NAN  NAN  nan  nan  nan  nan  nan
1.13649 NAN  2.42051E-06  0.51595  0.00000  0.06527  0.06527  0.52006
1.17206 NAN  1.31642E-05  1.00028  0.00000  0.03776  0.03776  1.00100
