#This file contains updated Xsec and Reduced Xsec
#Xsec Units: ub * MeV^-1 *sr^-2
#Ksigcc1 Units: (ub * MeV^2 * sr^-2
#Red Xsec Units: MeV^-3
#!xb[i,0]/  yb[i,1]/   thnq_bin[f,2]/   pm_bin[f,3]/  pm_avg[f,4]/   Ksigcc1[f,5]/   pwiaXsec_theory[f,6]/    fsiXsec_theory[f,7]/   red_pwiaXsec_theory[f,8]/    red_fsiXsec_theory[f,9]/   setting[s,10]/
2   1   15.000000   0.020000   0.032230   2451.644157  1.693372440000e-03   1.693372440000e-03    6.907089004597e-07   6.907089004597e-07   80
2   2   15.000000   0.060000   0.062477   2257.349656  3.928791810000e-04   3.928791810000e-04    1.740444507371e-07   1.740444507371e-07   80
2   3   15.000000   0.100000   0.098535   1995.795306  7.722937770000e-05   7.722937770000e-05    3.869604135646e-08   3.869604135646e-08   80
2   4   15.000000   0.140000   0.136693   1659.121958  1.686078070000e-05   1.686078070000e-05    1.016247215505e-08   1.016247215505e-08   80
2   5   15.000000   0.180000   0.175228   1511.358485  4.826088910000e-06   4.826088910000e-06    3.193212568625e-09   3.193212568625e-09   80
2   6   15.000000   0.220000   0.214385   1459.268447  1.663230060000e-06   1.663230060000e-06    1.139769768489e-09   1.139769768489e-09   80
2   7   15.000000   0.260000   0.252989   1431.882484  6.663550140000e-07   6.663550140000e-07    4.653699039173e-10   4.653699039173e-10   80
2   8   15.000000   0.300000   0.291490   1425.922042  3.018507660000e-07   3.018507660000e-07    2.116881267763e-10   2.116881267763e-10   80
2   9   15.000000   0.340000   0.326038   1395.971643  1.586801410000e-07   1.586801410000e-07    1.136700317630e-10   1.136700317630e-10   80
2   11   15.000000   0.420000   0.430653   6320.492489  1.597664950000e-07   1.597664950000e-07    2.527753893831e-11   2.527753893831e-11   580_set1
2   11   15.000000   0.420000   0.431034   6396.346961  1.609283240000e-07   1.609283240000e-07    2.515941129855e-11   2.515941129855e-11   580_set2
2   12   15.000000   0.460000   0.463554   5796.567582  1.000740230000e-07   1.000740230000e-07    1.726435887865e-11   1.726435887865e-11   580_set1
2   12   15.000000   0.460000   0.465237   5787.538428  9.803521630000e-08   9.803521630000e-08    1.693901777407e-11   1.693901777407e-11   580_set2
2   13   15.000000   0.500000   0.500526   5255.541748  6.065738570000e-08   6.065738570000e-08    1.154160476854e-11   1.154160476854e-11   580_set2
2   13   15.000000   0.500000   0.501080   5236.905237  6.009487810000e-08   6.009487810000e-08    1.147526552045e-11   1.147526552045e-11   580_set1
2   14   15.000000   0.540000   0.540325   4717.844971  3.600318730000e-08   3.600318730000e-08    7.631278162234e-12   7.631278162234e-12   580_set1
2   14   15.000000   0.540000   0.540803   4704.900984  3.573589770000e-08   3.573589770000e-08    7.595462225778e-12   7.595462225778e-12   580_set2
2   15   15.000000   0.580000   0.580294   4267.830747  2.174458090000e-08   2.174458090000e-08    5.094996073892e-12   5.094996073892e-12   580_set1
2   15   15.000000   0.580000   0.580302   4259.190985  2.170342950000e-08   2.170342950000e-08    5.095669477240e-12   5.095669477240e-12   580_set2
2   16   15.000000   0.620000   0.608647   5843.299008  2.219438180000e-08   2.219438180000e-08    3.798262209347e-12   3.798262209347e-12   750_set2
2   16   15.000000   0.620000   0.620031   3879.779421  1.330697540000e-08   1.330697540000e-08    3.429827821647e-12   3.429827821647e-12   580_set1
2   16   15.000000   0.620000   0.620373   3884.904398  1.327751110000e-08   1.327751110000e-08    3.417718877931e-12   3.417718877931e-12   580_set2
2   16   15.000000   0.620000   0.621245   5624.939245  1.885475780000e-08   1.885475780000e-08    3.351993146728e-12   3.351993146728e-12   750_set1
2   16   15.000000   0.620000   0.627841   5709.814822  1.789418050000e-08   1.789418050000e-08    3.133933596420e-12   3.133933596420e-12   750_set3
2   17   15.000000   0.660000   0.658770   3610.840467  8.420709520000e-09   8.420709520000e-09    2.332063572722e-12   2.332063572722e-12   580_set1
2   17   15.000000   0.660000   0.658845   3602.968116  8.398043920000e-09   8.398043920000e-09    2.330868231308e-12   2.330868231308e-12   580_set2
2   17   15.000000   0.660000   0.660198   5286.189591  1.200714330000e-08   1.200714330000e-08    2.271417453593e-12   2.271417453593e-12   750_set2
2   17   15.000000   0.660000   0.660243   5274.267583  1.197812240000e-08   1.197812240000e-08    2.271049432268e-12   2.271049432268e-12   750_set1
2   17   15.000000   0.660000   0.662854   5224.189136  1.156450710000e-08   1.156450710000e-08    2.213646328443e-12   2.213646328443e-12   750_set3
2   18   15.000000   0.700000   0.696737   3432.794760  5.473334340000e-09   5.473334340000e-09    1.594425161614e-12   1.594425161614e-12   580_set1
2   18   15.000000   0.700000   0.697213   3432.675738  5.449790040000e-09   5.449790040000e-09    1.587621568699e-12   1.587621568699e-12   580_set2
2   18   15.000000   0.700000   0.700053   4780.791915  7.299744520000e-09   7.299744520000e-09    1.526890241154e-12   1.526890241154e-12   750_set3
2   18   15.000000   0.700000   0.702053   4759.637647  7.124192550000e-09   7.124192550000e-09    1.496793049885e-12   1.496793049885e-12   750_set2
2   18   15.000000   0.700000   0.702290   4751.526932  7.093574850000e-09   7.093574850000e-09    1.492904270883e-12   1.492904270883e-12   750_set1
2   19   15.000000   0.740000   0.733700   3338.706949  3.666458420000e-09   3.666458420000e-09    1.098167187479e-12   1.098167187479e-12   580_set2
2   19   15.000000   0.740000   0.734323   3334.927130  3.639119910000e-09   3.639119910000e-09    1.091214220924e-12   1.091214220924e-12   580_set1
2   19   15.000000   0.740000   0.740259   4374.812577  4.457670260000e-09   4.457670260000e-09    1.018939710340e-12   1.018939710340e-12   750_set3
2   19   15.000000   0.740000   0.740944   4382.781682  4.433448430000e-09   4.433448430000e-09    1.011560408817e-12   1.011560408817e-12   750_set2
2   19   15.000000   0.740000   0.741511   4370.621333  4.397593900000e-09   4.397593900000e-09    1.006171334679e-12   1.006171334679e-12   750_set1
2   20   15.000000   0.780000   0.766878   3285.888492  2.572021210000e-09   2.572021210000e-09    7.827475631818e-13   7.827475631818e-13   580_set1
2   20   15.000000   0.780000   0.768935   3263.256889  2.500568520000e-09   2.500568520000e-09    7.662800095295e-13   7.662800095295e-13   580_set2
2   20   15.000000   0.780000   0.779172   4035.295691  2.768249950000e-09   2.768249950000e-09    6.860091953544e-13   6.860091953544e-13   750_set1
2   20   15.000000   0.780000   0.779349   4053.311689  2.774349880000e-09   2.774349880000e-09    6.844649740431e-13   6.844649740431e-13   750_set3
2   20   15.000000   0.780000   0.779476   4040.680338  2.763359570000e-09   2.763359570000e-09    6.838847270378e-13   6.838847270378e-13   750_set2
2   21   15.000000   0.820000   0.816194   3790.016176  1.773708150000e-09   1.773708150000e-09    4.679948759142e-13   4.679948759142e-13   750_set1
2   21   15.000000   0.820000   0.816288   3783.779974  1.770179720000e-09   1.770179720000e-09    4.678336827627e-13   4.678336827627e-13   750_set2
2   21   15.000000   0.820000   0.817029   3791.941865  1.759689770000e-09   1.759689770000e-09    4.640603238784e-13   4.640603238784e-13   750_set3
2   22   15.000000   0.860000   0.852349   3630.846385  1.163374050000e-09   1.163374050000e-09    3.204140100243e-13   3.204140100243e-13   750_set1
2   22   15.000000   0.860000   0.852653   3629.362362  1.159760400000e-09   1.159760400000e-09    3.195493544935e-13   3.195493544935e-13   750_set2
2   22   15.000000   0.860000   0.853102   3634.986510  1.156785990000e-09   1.156785990000e-09    3.182366665784e-13   3.182366665784e-13   750_set3
2   23   15.000000   0.900000   0.882893   3611.965812  8.386456760000e-10   8.386456760000e-10    2.321853859230e-13   2.321853859230e-13   750_set1
2   23   15.000000   0.900000   0.883184   3570.555879  8.249119270000e-10   8.249119270000e-10    2.310317930750e-13   2.310317930750e-13   750_set2
