        
#This file contains combined Reduced Cross Sections from all data sets of the same kinematic bin. pm80 + pm580 (sets 1 and 2) +  pm750 (sets 1, 2 and 3)                                                                                                                                                                                           
#\ xb = th_nq                                                                                                    
#\ yb = pm                                                                        
#relative errors df/f=dsig/sig: kin_syst_tot (kinematic systematics),  norm_syst_tot (constant, norm. syst.)
# current header line: all averaged kinematics are either in GeV or deg : Ei_avg (beam energy), kf_avg(final e- momentum),  the_avg(final e- angle), pf_avg(final proton momentum),
# nu_avg(energy transfer, Ei-kf), Q2_avg(4-momentum transfer, GeV2), q_avg(|qlab|, magnitude of 3-momentum transfer), cthpq_cm_avg(c.o.mass angle between proton and qlab), cphi_avg(out-of-plane angle between proton and qlab)
#! i_b[i,0]/ i_x[i,1]/ i_y[i,2]/ xb[f,3]/ yb[f,4]/  pm_avg[f,5]/  kin_syst_tot[f,6]/  norm_syst_tot[f,7]/  tot_syst_err[f,8]/  tot_stats_err[f,9]/  tot_err[f,10]/   red_dataXsec_avg[f,11]/   red_dataXsec_avg_err[f,12]/  red_dataXsec_avg_syst_err[f,13]/   red_dataXsec_avg_tot_err[f,14]/  red_pwiaXsec_avg[f,15]/ red_fsiXsec_avg[f,16]/   
22  1  1  5.000000   0.020000   0.032595   0.043052  0.048758   0.065045   0.425248   0.430194   6.548468423996e-07  2.784722544509e-07  4.259437936869e-08  2.817109824852e-07  6.347406825877e-07  6.070535539781e-07
43  1  2  5.000000   0.060000   0.061829   0.054632  0.048758   0.073226   0.144706   0.162178   1.688038030192e-07  2.442689554477e-08  1.236082464906e-08  2.737632575712e-08  1.720560067026e-07  1.608856094358e-07
64  1  3  5.000000   0.100000   0.098778   0.052770  0.048758   0.071848   0.106323   0.128323   3.868683534418e-08  4.113307888506e-09  2.779563504627e-09  4.964400775713e-09  3.748108324116e-08  3.499166806674e-08
85  1  4  5.000000   0.140000   0.136459   0.050203  0.048758   0.069983   0.166033   0.180179   8.412684758712e-09  1.396782070614e-09  5.887485716526e-10  1.515791883278e-09  1.001425498291e-08  9.372346080888e-09
106  1  5  5.000000   0.180000   0.174145   0.048733  0.048758   0.068937   0.322946   0.330222   3.156902045312e-09  1.019509312318e-09  2.176275905087e-10  1.042478300040e-09  3.226477648259e-09  3.009632243776e-09
127  1  6  5.000000   0.220000   0.209935   0.049928  0.048758   0.069786   0.515061   0.519767   4.419233401931e-09  2.276173721912e-09  3.084027480466e-10  2.296971716701e-09  1.232353769195e-09  1.178411870487e-09
148  1  7  5.000000   0.260000   nan   nan  nan   nan   nan   nan   nan  nan  nan  nan  5.315369442982e-10  5.011743410244e-10
169  1  8  5.000000   0.300000   nan   nan  nan   nan   nan   nan   nan  nan  nan  nan  nan  nan
190  1  9  5.000000   0.340000   nan   nan  nan   nan   nan   nan   nan  nan  nan  nan  nan  nan
211  1  10  5.000000   0.380000   nan   nan  nan   nan   nan   nan   nan  nan  nan  nan  nan  nan
232  1  11  5.000000   0.420000   nan   nan  nan   nan   nan   nan   nan  nan  nan  nan  nan  nan
253  1  12  5.000000   0.460000   nan   nan  nan   nan   nan   nan   nan  nan  nan  nan  nan  nan
274  1  13  5.000000   0.500000   nan   nan  nan   nan   nan   nan   nan  nan  nan  nan  nan  nan
295  1  14  5.000000   0.540000   nan   nan  nan   nan   nan   nan   nan  nan  nan  nan  nan  nan
316  1  15  5.000000   0.580000   nan   nan  nan   nan   nan   nan   nan  nan  nan  nan  nan  nan
337  1  16  5.000000   0.620000   nan   nan  nan   nan   nan   nan   nan  nan  nan  nan  nan  nan
358  1  17  5.000000   0.660000   nan   nan  nan   nan   nan   nan   nan  nan  nan  nan  nan  nan
379  1  18  5.000000   0.700000   nan   nan  nan   nan   nan   nan   nan  nan  nan  nan  nan  nan
400  1  19  5.000000   0.740000   nan   nan  nan   nan   nan   nan   nan  nan  nan  nan  nan  nan
421  1  20  5.000000   0.780000   nan   nan  nan   nan   nan   nan   nan  nan  nan  nan  nan  nan
442  1  21  5.000000   0.820000   nan   nan  nan   nan   nan   nan   nan  nan  nan  nan  nan  nan
463  1  22  5.000000   0.860000   nan   nan  nan   nan   nan   nan   nan  nan  nan  nan  nan  nan
484  1  23  5.000000   0.900000   nan   nan  nan   nan   nan   nan   nan  nan  nan  nan  nan  nan
505  1  24  5.000000   0.940000   nan   nan  nan   nan   nan   nan   nan  nan  nan  nan  nan  nan
526  1  25  5.000000   0.980000   nan   nan  nan   nan   nan   nan   nan  nan  nan  nan  nan  nan
547  1  26  5.000000   1.020000   nan   nan  nan   nan   nan   nan   nan  nan  nan  nan  nan  nan
568  1  27  5.000000   1.060000   nan   nan  nan   nan   nan   nan   nan  nan  nan  nan  nan  nan
589  1  28  5.000000   1.100000   nan   nan  nan   nan   nan   nan   nan  nan  nan  nan  nan  nan
610  1  29  5.000000   1.140000   nan   nan  nan   nan   nan   nan   nan  nan  nan  nan  nan  nan
631  1  30  5.000000   1.180000   nan   nan  nan   nan   nan   nan   nan  nan  nan  nan  nan  nan
23  2  1  15.000000   0.020000   0.032230   0.040837  0.048758   0.063601   0.279214   0.286366   6.448466418742e-07  1.800502332150e-07  4.101258483961e-08  1.846621742426e-07  6.570020954043e-07  6.175735645575e-07
44  2  2  15.000000   0.060000   0.062477   0.052870  0.048758   0.071921   0.084213   0.110745   1.795112004713e-07  1.511726273896e-08  1.291058308255e-08  1.988000976484e-08  1.693893532448e-07  1.594918458533e-07
65  2  3  15.000000   0.100000   0.098535   0.052057  0.048758   0.071325   0.063662   0.095604   3.929120299040e-08  2.501342767988e-09  2.802452659559e-09  3.756388764763e-09  3.881496937511e-08  3.696261552528e-08
86  2  4  15.000000   0.140000   0.136693   0.051850  0.048758   0.071174   0.087882   0.113089   1.004427717324e-08  8.827103269268e-10  7.148963503806e-10  1.135893618721e-09  9.844655957863e-09  9.424659011003e-09
107  2  5  15.000000   0.180000   0.175228   0.053403  0.048758   0.072314   0.172301   0.186861   2.996779109909e-09  5.163480955758e-10  2.167078566454e-10  5.599800451236e-10  3.105337823576e-09  2.948603961934e-09
128  2  6  15.000000   0.220000   0.214385   0.055891  0.048758   0.074170   0.336342   0.344423   1.517696391464e-09  5.104654023707e-10  1.125680927749e-10  5.227298561671e-10  1.103673029859e-09  1.046716410424e-09
149  2  7  15.000000   0.260000   0.252989   0.055078  0.048758   0.073559   0.710632   0.714429   8.525254751259e-10  6.058317431283e-10  6.271096774160e-11  6.090687698914e-10  4.438841017858e-10  4.242220039299e-10
170  2  8  15.000000   0.300000   nan   nan  nan   nan   nan   nan   nan  nan  nan  nan  2.092805014749e-10  1.902827190239e-10
191  2  9  15.000000   0.340000   nan   nan  nan   nan   nan   nan   nan  nan  nan  nan  1.149484345385e-10  1.022049566847e-10
212  2  10  15.000000   0.380000   nan   nan  nan   nan   nan   nan   nan  nan  nan  nan  nan  nan
233  2  11  15.000000   0.420000   nan   nan  nan   nan   nan   nan   nan  nan  nan  nan  3.520585266024e-11  2.524238513847e-11
254  2  12  15.000000   0.460000   nan   nan  nan   nan   nan   nan   nan  nan  nan  nan  2.602771018155e-11  1.808876746221e-11
275  2  13  15.000000   0.500000   0.500526   0.005469  0.049353   0.049656   1.004403   1.005630   2.465569281746e-11  2.476426171810e-11  1.224292515861e-12  2.479450646024e-11  1.935624017766e-11  1.301826221421e-11
296  2  14  15.000000   0.540000   0.540564   0.008541  0.050238   0.050958   0.710771   0.712595   1.517369341917e-11  1.078502293742e-11  7.732285570516e-13  1.081270558936e-11  1.429360942434e-11  9.363783113834e-12
317  2  15  15.000000   0.580000   nan   nan  nan   nan   nan   nan   nan  nan  nan  nan  9.984310103538e-12  6.815152259075e-12
338  2  16  15.000000   0.620000   nan   nan  nan   nan   nan   nan   nan  nan  nan  nan  7.372010165441e-12  4.936167973594e-12
359  2  17  15.000000   0.660000   nan   nan  nan   nan   nan   nan   nan  nan  nan  nan  5.553849628869e-12  3.640271042485e-12
380  2  18  15.000000   0.700000   0.696737   0.010475  0.049493   0.050589   1.000894   1.002172   7.912938250997e-12  7.920013792053e-12  4.003107618461e-13  7.930124032596e-12  3.993503590556e-12  2.613758367016e-12
401  2  19  15.000000   0.740000   nan   nan  nan   nan   nan   nan   nan  nan  nan  nan  2.862143712942e-12  1.869596585417e-12
422  2  20  15.000000   0.780000   nan   nan  nan   nan   nan   nan   nan  nan  nan  nan  2.095838414535e-12  1.373367325453e-12
443  2  21  15.000000   0.820000   nan   nan  nan   nan   nan   nan   nan  nan  nan  nan  1.362350139699e-12  9.184237894610e-13
464  2  22  15.000000   0.860000   nan   nan  nan   nan   nan   nan   nan  nan  nan  nan  9.797017747515e-13  6.700073774729e-13
485  2  23  15.000000   0.900000   nan   nan  nan   nan   nan   nan   nan  nan  nan  nan  nan  nan
506  2  24  15.000000   0.940000   nan   nan  nan   nan   nan   nan   nan  nan  nan  nan  nan  nan
527  2  25  15.000000   0.980000   nan   nan  nan   nan   nan   nan   nan  nan  nan  nan  nan  nan
548  2  26  15.000000   1.020000   nan   nan  nan   nan   nan   nan   nan  nan  nan  nan  nan  nan
569  2  27  15.000000   1.060000   nan   nan  nan   nan   nan   nan   nan  nan  nan  nan  nan  nan
590  2  28  15.000000   1.100000   nan   nan  nan   nan   nan   nan   nan  nan  nan  nan  nan  nan
611  2  29  15.000000   1.140000   nan   nan  nan   nan   nan   nan   nan  nan  nan  nan  nan  nan
632  2  30  15.000000   1.180000   nan   nan  nan   nan   nan   nan   nan  nan  nan  nan  nan  nan
24  3  1  25.000000   0.020000   0.032152   0.031505  0.048758   0.058051   0.240116   0.247034   9.614784083165e-07  2.308667024908e-07  5.581498258953e-08  2.375178869063e-07  6.346774241855e-07  6.189728116946e-07
45  3  2  25.000000   0.060000   0.062560   0.046093  0.048758   0.067096   0.068226   0.095691   1.693452608688e-07  1.155372310250e-08  1.136247413920e-08  1.620476275955e-08  1.726437786409e-07  1.662971373075e-07
66  3  3  25.000000   0.100000   0.099209   0.048846  0.048758   0.069017   0.050642   0.085603   3.909326536800e-08  1.979747926674e-09  2.698099718193e-09  3.346512205638e-09  3.935408021951e-08  3.663552276201e-08
87  3  4  25.000000   0.140000   0.137853   0.052059  0.048758   0.071327   0.068162   0.098659   9.352981778252e-09  6.375138988330e-10  6.671211066129e-10  9.227537819449e-10  9.694915477561e-09  9.035525972217e-09
108  3  5  25.000000   0.180000   0.176850   0.055859  0.048758   0.074146   0.109056   0.131874   3.638150810938e-09  3.967618334979e-10  2.697545538030e-10  4.797785654008e-10  3.032253314569e-09  2.842661099274e-09
129  3  6  25.000000   0.220000   0.216640   0.058057  0.048758   0.075816   0.178447   0.193885   1.627259639755e-09  2.903795473333e-10  1.233720813788e-10  3.155011124754e-10  1.059822674343e-09  9.914987967359e-10
150  3  7  25.000000   0.260000   0.256381   0.056291  0.048758   0.074472   0.448038   0.454185   3.563952111718e-10  1.596786753766e-10  2.654152550558e-11  1.618694904736e-10  4.222685098192e-10  3.954945989022e-10
171  3  8  25.000000   0.300000   0.296126   0.049281  0.048758   0.069325   1.000521   1.002920   1.052773607702e-10  1.053321794639e-10  7.298396888788e-12  1.055847272467e-10  1.953334956896e-10  1.788145389875e-10
192  3  9  25.000000   0.340000   nan   nan  nan   nan   nan   nan   nan  nan  nan  nan  1.054649255344e-10  9.212416016373e-11
213  3  10  25.000000   0.380000   nan   nan  nan   nan   nan   nan   nan  nan  nan  nan  5.647685163808e-11  4.573675056666e-11
234  3  11  25.000000   0.420000   nan   nan  nan   nan   nan   nan   nan  nan  nan  nan  3.553033676152e-11  2.852416089822e-11
255  3  12  25.000000   0.460000   0.463556   0.002859  0.049353   0.049436   1.000975   1.002195   4.944297042218e-12  4.949115821482e-12  2.444272782961e-13  4.955148041060e-12  2.623779751818e-11  2.023391670176e-11
276  3  13  25.000000   0.500000   0.500909   0.003988  0.050238   0.050396   0.572846   0.575059   2.702931767452e-12  1.548364220403e-12  1.362162498924e-13  1.554344436011e-12  1.830757122719e-11  1.376783195692e-11
297  3  14  25.000000   0.540000   0.540082   0.004087  0.050238   0.050404   0.425090   0.428068   3.132035219366e-12  1.331397341988e-12  1.578660264125e-13  1.340723895718e-12  1.382991423720e-11  1.010162299399e-11
318  3  15  25.000000   0.580000   0.580678   0.005434  0.051182   0.051470   0.392442   0.395803   2.443922753485e-12  9.590984661135e-13  1.257881930137e-13  9.673120164677e-13  1.036143556444e-11  7.388816820178e-12
339  3  16  25.000000   0.620000   0.620259   0.007513  0.053018   0.053548   0.309967   0.314558   2.437816227344e-12  7.556414154452e-13  1.305395471397e-13  7.668340903373e-13  7.641951046831e-12  5.327773244659e-12
360  3  17  25.000000   0.660000   0.659146   0.006240  0.051182   0.051561   0.409936   0.413166   1.372735008782e-12  5.627330352266e-13  7.077969290404e-14  5.671668483462e-13  5.569330500127e-12  3.814573666520e-12
381  3  18  25.000000   0.700000   0.698977   0.007872  0.052056   0.052648   0.535017   0.537601   6.490578260608e-13  3.472566727805e-13  3.417160526935e-14  3.489339413087e-13  4.006707886860e-12  2.692204137061e-12
402  3  19  25.000000   0.740000   0.738823   0.007244  0.051444   0.051951   0.355544   0.359319   1.872737363849e-12  6.658405715434e-13  9.729078027126e-14  6.729109618954e-13  2.836104852213e-12  1.875365263789e-12
423  3  20  25.000000   0.780000   0.779237   0.007440  0.051465   0.052000   0.425477   0.428643   1.093856002705e-12  4.654110825243e-13  5.688013227913e-14  4.688739971299e-13  1.976657943770e-12  1.296730899251e-12
444  3  21  25.000000   0.820000   0.818617   0.006637  0.050580   0.051014   0.849884   0.851414   3.273930852891e-13  2.782461941068e-13  1.670162882108e-14  2.787469980828e-13  1.348665382013e-12  8.850266554655e-13
465  3  22  25.000000   0.860000   0.857977   0.005007  0.049571   0.049823   0.707354   0.709107   6.461098339094e-13  4.570285699231e-13  3.219140200861e-14  4.581608888690e-13  9.021693271149e-13  6.020791912811e-13
486  3  23  25.000000   0.900000   0.897172   0.005416  0.049515   0.049810   1.000190   1.001430   1.251576593741e-12  1.251814838175e-12  6.234155846377e-14  1.253366211044e-12  5.884772000014e-13  4.085593041334e-13
507  3  24  25.000000   0.940000   0.936766   0.008244  0.050473   0.051142   0.582831   0.585070   1.529718947727e-12  8.915668674541e-13  7.823274894701e-14  8.949926492155e-13  3.711745607967e-13  2.743223762954e-13
528  3  25  25.000000   0.980000   nan   nan  nan   nan   nan   nan   nan  nan  nan  nan  2.253999323974e-13  1.846884030839e-13
549  3  26  25.000000   1.020000   nan   nan  nan   nan   nan   nan   nan  nan  nan  nan  1.295854185115e-13  1.240793365082e-13
570  3  27  25.000000   1.060000   nan   nan  nan   nan   nan   nan   nan  nan  nan  nan  7.159269946898e-14  8.534626514395e-14
591  3  28  25.000000   1.100000   nan   nan  nan   nan   nan   nan   nan  nan  nan  nan  nan  nan
612  3  29  25.000000   1.140000   nan   nan  nan   nan   nan   nan   nan  nan  nan  nan  nan  nan
633  3  30  25.000000   1.180000   nan   nan  nan   nan   nan   nan   nan  nan  nan  nan  nan  nan
25  4  1  35.000000   0.020000   0.031807   0.025247  0.048758   0.054907   0.209112   0.216200   5.214257402997e-07  1.090362404110e-07  2.863011859856e-08  1.127323618751e-07  6.655040357961e-07  6.351932576734e-07
46  4  2  35.000000   0.060000   0.062170   0.033632  0.048758   0.059233   0.063177   0.086602   1.537592126700e-07  9.714120177223e-09  9.107564512627e-09  1.331585003555e-08  1.826217602478e-07  1.756560906697e-07
67  4  3  35.000000   0.100000   0.099140   0.040933  0.048758   0.063663   0.046029   0.078559   3.761510502711e-08  1.731378746134e-09  2.394672105465e-09  2.955017234341e-09  3.937375389666e-08  3.665539201051e-08
88  4  4  35.000000   0.140000   0.138748   0.047578  0.048758   0.068125   0.057726   0.089294   9.870753025710e-09  5.698009796569e-10  6.724475367901e-10  8.813959644524e-10  9.904017205847e-09  9.055735167265e-09
109  4  5  35.000000   0.180000   0.177804   0.052248  0.048758   0.071465   0.101242   0.123924   2.611354737548e-09  2.643780015630e-10  1.866200420656e-10  3.236089736256e-10  3.017537669118e-09  2.757269528178e-09
130  4  6  35.000000   0.220000   0.217658   0.054551  0.048758   0.073165   0.157195   0.173388   1.124237430050e-09  1.767247364408e-10  8.225525486452e-11  1.949296268475e-10  1.049108077307e-09  9.657024771188e-10
151  4  7  35.000000   0.260000   0.257537   0.052467  0.048758   0.071625   0.289230   0.297966   3.620757228938e-10  1.047230310722e-10  2.593363487199e-11  1.078863599100e-10  4.160137243193e-10  3.902259487201e-10
172  4  8  35.000000   0.300000   0.297431   0.046001  0.048758   0.067033   0.577645   0.581522   1.086348419528e-10  6.275239790386e-11  7.282147631307e-12  6.317351594465e-11  1.919630465783e-10  1.823825774864e-10
193  4  9  35.000000   0.340000   0.337372   0.038891  0.048758   0.062369   0.707408   0.710152   9.781963092548e-11  6.919835545913e-11  6.100931842065e-12  6.946678175639e-11  1.020973561218e-10  9.657208023091e-11
214  4  10  35.000000   0.380000   0.376119   0.031730  0.048758   0.058174   1.000335   1.002025   8.054370134661e-11  8.057065830616e-11  4.685511430369e-12  8.070678408444e-11  5.507134553616e-11  5.055191828058e-11
235  4  11  35.000000   0.420000   0.424064   nan  nan   nan   nan   nan   nan  nan  nan  nan  3.731938183293e-11  3.446588867292e-11
256  4  12  35.000000   0.460000   0.464195   0.007184  0.050238   0.050749   0.454126   0.456952   1.250462046393e-11  5.678668988841e-12  6.345927064067e-13  5.714016922258e-12  2.712966041273e-11  2.483252141859e-11
277  4  13  35.000000   0.500000   0.501928   0.007073  0.050238   0.050733   0.282010   0.286537   7.811422724369e-12  2.202902275593e-12  3.962979546487e-13  2.238265065776e-12  1.908162028000e-11  1.665430913605e-11
298  4  14  35.000000   0.540000   0.540699   0.007164  0.050238   0.050746   0.230958   0.236467   5.521577398250e-12  1.275250187277e-12  2.801974735502e-13  1.305669814438e-12  1.370892025134e-11  1.179810010717e-11
319  4  15  35.000000   0.580000   0.582042   0.010922  0.052056   0.053190   0.266615   0.271868   2.429069527432e-12  6.476253487863e-13  1.292011087237e-13  6.603874006112e-13  1.028519946770e-11  8.797795785999e-12
340  4  16  35.000000   0.620000   0.620893   0.013283  0.053018   0.054657   0.187592   0.195393   2.958778670792e-12  5.550442474396e-13  1.617168431556e-13  5.781232169495e-13  7.573395212498e-12  6.469679111567e-12
361  4  17  35.000000   0.660000   0.660069   0.012603  0.052056   0.053560   0.216711   0.223232   1.606053992322e-12  3.480502143985e-13  8.602045635979e-14  3.585226222363e-13  5.520498399981e-12  4.707990549802e-12
382  4  18  35.000000   0.700000   0.699596   0.015234  0.053018   0.055163   0.183449   0.191564   1.614655800293e-12  2.962073592420e-13  8.906976740595e-14  3.093092677804e-13  3.971414951428e-12  3.404205821329e-12
403  4  19  35.000000   0.740000   0.739075   0.016301  0.053018   0.055468   0.191307   0.199186   1.301582678625e-12  2.490016463224e-13  7.219563246425e-14  2.592566859662e-13  2.812089356151e-12  2.428067771530e-12
424  4  20  35.000000   0.780000   0.779055   0.016340  0.052181   0.054679   0.181145   0.189218   1.509918584700e-12  2.735148619197e-13  8.256155361720e-14  2.857040248695e-13  1.954991735092e-12  1.705601670327e-12
445  4  21  35.000000   0.820000   0.818674   0.019052  0.053018   0.056337   0.236197   0.242823   7.960423242979e-13  1.880228928513e-13  4.484700590431e-14  1.932973413546e-13  1.328646356732e-12  1.181295876174e-12
466  4  22  35.000000   0.860000   0.858392   0.020595  0.053018   0.056878   0.223077   0.230214   9.256293565721e-13  2.064868919451e-13  5.264755574142e-14  2.130929413910e-13  8.823843703856e-13  8.053421928359e-13
487  4  23  35.000000   0.900000   0.898556   0.019710  0.051465   0.055110   0.313412   0.318220   5.454644797192e-13  1.709550145391e-13  3.006046506837e-14  1.735777881994e-13  5.717984750815e-13  5.419741868144e-13
508  4  24  35.000000   0.940000   0.938321   0.021708  0.051465   0.055856   0.353945   0.358325   4.631231256692e-13  1.639202592797e-13  2.586801545577e-14  1.659488042317e-13  3.601941512667e-13  3.607939672540e-13
529  4  25  35.000000   0.980000   0.978108   0.014183  0.049571   0.051560   0.500124   0.502775   4.203579364875e-13  2.102311450386e-13  2.167381065190e-14  2.113454243943e-13  2.187128108680e-13  2.356016637092e-13
550  4  26  35.000000   1.020000   1.017881   0.028532  0.050580   0.058073   0.611561   0.614312   2.820070437448e-13  1.724645149121e-13  1.637693705987e-14  1.732403329808e-13  1.271103855993e-13  1.524312783479e-13
571  4  27  35.000000   1.060000   1.057711   0.125434  0.050473   0.135208   0.537137   0.553893   3.967907212599e-13  2.131311740932e-13  5.364925455504e-14  2.197797531272e-13  6.948410921446e-14  9.618698210148e-14
592  4  28  35.000000   1.100000   1.097022   nan  nan   nan   nan   nan   nan  nan  nan  nan  3.578773571652e-14  5.936156531294e-14
613  4  29  35.000000   1.140000   1.137300   0.000000  0.051465   0.051465   0.516020   0.518580   6.048313368894e-13  3.121052064268e-13  3.112740202038e-14  3.136535908215e-13  1.675455594687e-14  3.566516293277e-14
634  4  30  35.000000   1.180000   1.173259   0.000000  0.049624   0.049624   1.000283   1.001513   1.710698581221e-12  1.711181915928e-12  8.489250001581e-14  1.713286399280e-12  7.202970660059e-15  2.198019191136e-14
26  5  1  45.000000   0.020000   0.031473   0.020649  0.048758   0.052951   0.213313   0.219786   7.975214844355e-07  1.701213497466e-07  4.222930679298e-08  1.752843061766e-07  6.733767158260e-07  6.535600114001e-07
47  5  2  45.000000   0.060000   0.062411   0.018703  0.048758   0.052223   0.061991   0.081056   1.735634346412e-07  1.075944293028e-08  9.063945813187e-09  1.406843011407e-08  1.920444866391e-07  1.877199137468e-07
68  5  3  45.000000   0.100000   0.099207   0.027858  0.048758   0.056156   0.045831   0.072484   3.335964032889e-08  1.528918488933e-09  1.873328051625e-09  2.418046677549e-09  3.999496231512e-08  3.691480689908e-08
89  5  4  45.000000   0.140000   0.138440   0.037393  0.048758   0.061446   0.056375   0.083389   8.868655665424e-09  4.999685510465e-10  5.449445497216e-10  7.395492642866e-10  9.564731962262e-09  8.666289566981e-09
110  5  5  45.000000   0.180000   0.178375   0.042448  0.048758   0.064647   0.085664   0.107320   2.720087860949e-09  2.330134829301e-10  1.758449111583e-10  2.919190230312e-10  2.885568655685e-09  2.534408495113e-09
131  5  6  45.000000   0.220000   0.218252   0.043581  0.048758   0.065397   0.167494   0.179808   6.835314170308e-10  1.144871535029e-10  4.470059881741e-11  1.229042385430e-10  1.016882653056e-09  8.962883497302e-10
152  5  7  45.000000   0.260000   0.257816   0.041048  0.048758   0.063736   0.243106   0.251323   3.685585061307e-10  8.959893220201e-11  2.349058954816e-11  9.262708269756e-11  4.124071861621e-10  3.790653629894e-10
173  5  8  45.000000   0.300000   0.297900   0.034932  0.048758   0.059980   0.500297   0.503879   1.027672925821e-10  5.141414109568e-11  6.163994677136e-12  5.178232067981e-11  1.917639770257e-10  1.866521743787e-10
194  5  9  45.000000   0.340000   0.337974   0.028495  0.048758   0.056474   0.577625   0.580379   9.506125271817e-11  5.490978088003e-11  5.368514015392e-12  5.517159576291e-11  1.020240510150e-10  1.060365976053e-10
215  5  10  45.000000   0.380000   0.378275   0.022521  0.048758   0.053708   1.000193   1.001634   4.031102901443e-11  4.031880342256e-11  2.165035286355e-12  4.037689050953e-11  6.100223494970e-11  6.721122826947e-11
236  5  11  45.000000   0.420000   0.431761   0.008748  0.049353   0.050123   1.536901   1.537718   2.557583957858e-09  3.930752418020e-09  1.281933947686e-10  3.932842244260e-09  3.650146261045e-11  3.970719009810e-11
257  5  12  45.000000   0.460000   0.462105   0.018289  0.049514   0.052784   0.744445   0.746314   4.761714968805e-11  3.544836848822e-11  2.513405744607e-12  3.553736114167e-11  2.638650265963e-11  2.949935422600e-11
278  5  13  45.000000   0.500000   0.503398   0.012153  0.050238   0.051687   0.398632   0.401969   1.320352151596e-11  5.263346322029e-12  6.824482991886e-13  5.307405221639e-12  1.942451282142e-11  2.222251453733e-11
299  5  14  45.000000   0.540000   0.541761   0.012541  0.050238   0.051779   0.258631   0.263763   8.962595270346e-12  2.318005853617e-12  4.640778828226e-13  2.364004953195e-12  1.377878551818e-11  1.514107045445e-11
320  5  15  45.000000   0.580000   0.582569   0.015906  0.051182   0.053597   0.225596   0.231875   5.685038871308e-12  1.282521412346e-12  3.046989204069e-13  1.318219482948e-12  1.026691059965e-11  1.167354968460e-11
341  5  16  45.000000   0.620000   0.621252   0.016915  0.051234   0.053954   0.192048   0.199483   5.205753066685e-12  9.997569115302e-13  2.808695831693e-13  1.038461171591e-12  7.603153172567e-12  8.865029463948e-12
362  5  17  45.000000   0.660000   0.661036   0.023726  0.053018   0.058085   0.195486   0.203933   3.064555673222e-12  5.990767272064e-13  1.780043936273e-13  6.249627902771e-13  5.549817608594e-12  6.741380156270e-12
383  5  18  45.000000   0.700000   0.700331   0.025607  0.053018   0.058878   0.138459   0.150457   4.330466568683e-12  5.995903611334e-13  2.549694409086e-13  6.515504715380e-13  3.928054211391e-12  4.711315371813e-12
404  5  19  45.000000   0.740000   0.739832   0.027425  0.053018   0.059691   0.164510   0.175005   2.322381364374e-12  3.820555330833e-13  1.386255214481e-13  4.064276879794e-13  2.779047672740e-12  3.465683462564e-12
425  5  20  45.000000   0.780000   0.779405   0.029867  0.053018   0.060852   0.150174   0.162035   2.319264948225e-12  3.482942799847e-13  1.411316143083e-13  3.758018600637e-13  1.932695523096e-12  2.528230586098e-12
446  5  21  45.000000   0.820000   0.819129   0.032510  0.053018   0.062192   0.154622   0.166661   1.948731274875e-12  3.013162488009e-13  1.211954411230e-13  3.247765643337e-13  1.315589261132e-12  1.819157465881e-12
467  5  22  45.000000   0.860000   0.858869   0.034957  0.053018   0.063505   0.205061   0.214669   1.063205236178e-12  2.180217974875e-13  6.751931268260e-14  2.282375117390e-13  8.765607399034e-13  1.293015826853e-12
488  5  23  45.000000   0.900000   0.898569   0.038537  0.053018   0.065544   0.174488   0.186392   1.466858034553e-12  2.559490819143e-13  9.614382929105e-14  2.734109881543e-13  5.662444914659e-13  9.085351244283e-13
509  5  24  45.000000   0.940000   0.938461   0.038341  0.052313   0.064859   0.231417   0.240334   9.546131370045e-13  2.209135503723e-13  6.191550831988e-14  2.294260815788e-13  3.547634960842e-13  6.277184480551e-13
530  5  25  45.000000   0.980000   0.978123   0.041403  0.052056   0.066514   0.196868   0.207800   1.478830281564e-12  2.911337713573e-13  9.836243342163e-14  3.073012221475e-13  2.136792728855e-13  4.290036328946e-13
551  5  26  45.000000   1.020000   1.017957   0.064943  0.053018   0.083836   0.252188   0.265758   9.056853189295e-13  2.284027739071e-13  7.592924706030e-14  2.406929115857e-13  1.248696239073e-13  2.899516014599e-13
572  5  27  45.000000   1.060000   1.057468   0.217112  0.051182   0.223064   0.437331   0.490933   nan  2.324914767718e-13  1.185838565315e-13  2.609873901195e-13  6.938494617525e-14  1.957871621755e-13
593  5  28  45.000000   1.100000   1.097505   0.000000  0.053018   0.053018   0.330418   0.334645   nan  2.558644354653e-13  4.105536622989e-14  2.591373235029e-13  3.505838751035e-14  1.280912720302e-13
614  5  29  45.000000   1.140000   1.137289   0.000000  0.052181   0.052181   0.366225   0.369924   nan  2.912569285310e-13  4.149932628832e-14  2.941985596492e-13  1.583515812371e-14  8.019827637248e-14
635  5  30  45.000000   1.180000   1.173123   0.000000  0.050473   0.050473   0.553108   0.555407   5.810981749999e-13  3.214102867977e-13  2.932980370451e-14  3.227457355950e-13  7.600323054171e-15  5.223838686229e-14
27  6  1  55.000000   0.020000   0.031717   0.006511  0.048758   0.049191   0.213571   0.219163   6.755090322335e-07  1.442689703529e-07  3.322914988314e-08  1.480463177814e-07  6.885624065994e-07  6.607996302023e-07
48  6  2  55.000000   0.060000   0.062179   0.007719  0.048758   0.049366   0.064802   0.081464   1.817203391264e-07  1.177589678387e-08  8.970754338513e-09  1.480358667575e-08  2.094226630500e-07  2.026574344838e-07
69  6  3  55.000000   0.100000   0.099276   0.005769  0.048758   0.049099   0.047224   0.068123   3.752938222466e-08  1.772277694264e-09  1.842638118636e-09  2.556615626534e-09  4.304618866119e-08  3.986252549663e-08
90  6  4  55.000000   0.140000   0.138326   0.016736  0.048758   0.051551   0.058609   0.078054   9.203105369775e-09  5.393864074393e-10  4.744258759726e-10  7.183436561442e-10  1.039956742925e-08  9.275676449788e-09
111  6  5  55.000000   0.180000   0.178549   0.023465  0.048758   0.054111   0.092422   0.107098   2.612723331024e-09  2.414742699204e-10  1.413768289700e-10  2.798164233979e-10  3.064658225961e-09  2.587121421567e-09
132  6  6  55.000000   0.220000   0.218425   0.025940  0.048758   0.055229   0.142444   0.152776   9.170671965739e-10  1.306303926398e-10  5.064876373534e-11  1.401056628019e-10  1.065313840507e-09  8.734002956078e-10
153  6  7  55.000000   0.260000   0.258683   0.023999  0.048758   0.054344   0.219920   0.226535   3.498404974120e-10  7.693707742818e-11  1.901189773372e-11  7.925128477588e-11  4.173071170705e-10  3.513938515141e-10
174  6  8  55.000000   0.300000   0.298811   0.020242  0.048758   0.052793   0.333947   0.338094   1.566790929122e-10  5.232243661345e-11  8.271625185335e-12  5.297223004910e-11  1.873026806785e-10  1.748233687331e-10
195  6  9  55.000000   0.340000   0.338861   0.016658  0.048758   0.051526   0.707321   0.709195   4.016518476572e-11  2.840968517128e-11  2.069533388862e-12  2.848496410352e-11  9.922079710781e-11  1.086159989386e-10
216  6  10  55.000000   0.380000   nan   nan  nan   nan   nan   nan   nan  nan  nan  nan  6.023131117265e-11  7.660368238309e-11
237  6  11  55.000000   0.420000   0.419002   0.010700  0.048758   0.049919   1.000164   1.001409   2.693808204022e-11  2.694249057594e-11  1.344714423447e-12  2.697602741909e-11  3.983916915365e-11  5.766597175419e-11
258  6  12  55.000000   0.460000   0.458809   0.009190  0.048758   0.049617   0.707376   0.709114   6.726543006703e-11  4.758194386077e-11  3.337511955162e-12  4.769885079979e-11  2.572522389067e-11  3.625257212045e-11
279  6  13  55.000000   0.500000   nan   nan  nan   nan   nan   nan   nan  nan  nan  nan  1.905155680696e-11  2.867718102195e-11
300  6  14  55.000000   0.540000   nan   nan  nan   nan   nan   nan   nan  nan  nan  nan  1.416930957397e-11  2.249679577079e-11
321  6  15  55.000000   0.580000   0.581494   0.016984  0.050238   0.053031   0.503924   0.506707   3.618576374214e-11  1.823488211775e-11  1.918963284328e-12  1.833557596409e-11  1.049549856365e-11  1.758532026485e-11
342  6  16  55.000000   0.620000   0.620740   0.017713  0.050238   0.053269   0.596026   0.598402   1.007428048520e-11  6.004536381142e-12  5.366472385131e-13  6.028469740412e-12  7.382929739362e-12  1.207357294621e-11
363  6  17  55.000000   0.660000   0.660160   0.018860  0.050238   0.053661   0.380208   0.383977   1.454448662756e-11  5.529936783876e-12  7.804735144849e-13  5.584741689683e-12  5.445357920819e-12  9.470656508794e-12
384  6  18  55.000000   0.700000   0.699505   0.020148  0.050238   0.054127   0.452448   0.455674   7.663624914556e-12  3.467392829128e-12  4.148109649402e-13  3.492117003784e-12  3.882825309455e-12  7.545990801093e-12
405  6  19  55.000000   0.740000   0.739089   0.021244  0.050238   0.054545   0.334671   0.339087   1.172766210499e-11  3.924906095121e-12  6.396836859016e-13  3.976692479124e-12  2.749782905874e-12  5.007310068303e-12
426  6  20  55.000000   0.780000   0.778761   0.022823  0.050238   0.055179   0.601721   0.604246   3.577821452237e-12  2.152851973610e-12  1.974195818232e-13  2.161884851597e-12  1.926280956499e-12  3.763944715649e-12
447  6  21  55.000000   0.820000   0.818226   0.024520  0.050238   0.055902   0.710247   0.712444   2.959395026937e-12  2.101902874715e-12  1.654368654905e-13  2.108403436536e-12  1.306953803959e-12  2.814170744792e-12
468  6  22  55.000000   0.860000   0.857608   0.018185  0.049493   0.052728   0.578819   0.581216   1.250312531706e-11  7.237051207782e-12  6.592696187697e-13  7.267017724919e-12  8.693199280822e-13  2.080553611507e-12
489  6  23  55.000000   0.900000   0.897814   0.019575  0.049353   0.053094   0.502281   0.505079   1.955413312871e-11  9.821669653944e-12  1.038201243334e-12  9.876388844758e-12  5.617783878355e-13  1.531576919589e-12
510  6  24  55.000000   0.940000   0.937265   0.021247  0.049493   0.053861   1.001748   1.003195   8.808806438691e-12  8.824205798334e-12  4.744503952572e-13  8.836951462406e-12  3.565885523509e-13  1.110124374843e-12
531  6  25  55.000000   0.980000   nan   nan  nan   nan   nan   nan   nan  nan  nan  nan  2.169208849565e-13  7.876817427129e-13
552  6  26  55.000000   1.020000   nan   nan  nan   nan   nan   nan   nan  nan  nan  nan  1.265088928890e-13  5.544083142923e-13
573  6  27  55.000000   1.060000   nan   nan  nan   nan   nan   nan   nan  nan  nan  nan  7.048558231363e-14  3.630705226246e-13
594  6  28  55.000000   1.100000   nan   nan  nan   nan   nan   nan   nan  nan  nan  nan  nan  2.203321072242e-13
615  6  29  55.000000   1.140000   nan   nan  nan   nan   nan   nan   nan  nan  nan  nan  nan  1.230692213862e-13
636  6  30  55.000000   1.180000   nan   nan  nan   nan   nan   nan   nan  nan  nan  nan  nan  nan
28  7  1  65.000000   0.020000   0.031158   0.020047  0.048758   0.052719   0.250522   0.256009   6.898900933597e-07  1.728326922393e-07  3.637008337413e-08  1.766180128733e-07  7.125980471652e-07  6.811671223400e-07
49  7  2  65.000000   0.060000   0.061567   0.027795  0.048758   0.056125   0.074707   0.093441   1.803645969413e-07  1.347457319034e-08  1.012287309587e-08  1.685338786051e-08  2.293393621959e-07  2.195553710243e-07
70  7  3  65.000000   0.100000   0.098469   0.023331  0.048758   0.054053   0.052256   0.075182   3.838479312857e-08  2.005822688089e-09  2.074810997080e-09  2.885856082631e-09  4.643359646232e-08  4.290967296601e-08
91  7  4  65.000000   0.140000   0.137522   0.012461  0.048758   0.050325   0.063870   0.081315   9.240712757675e-09  5.902064449336e-10  4.650431360518e-10  7.514045288857e-10  1.106002464158e-08  9.449348498023e-09
112  7  5  65.000000   0.180000   0.177716   0.003754  0.048758   0.048903   0.098531   0.109999   2.466555611399e-09  2.430326069047e-10  1.206214644913e-10  2.713197112539e-10  3.110863098786e-09  2.394001774888e-09
133  7  6  65.000000   0.220000   0.217850   0.004586  0.048758   0.048974   0.173332   0.180118   6.312653596186e-10  1.094183861692e-10  3.091537684090e-11  1.137019953962e-10  9.948444466529e-10  7.087615104023e-10
154  7  7  65.000000   0.260000   0.258873   0.006714  0.048758   0.049219   0.241942   0.246898   2.866534178868e-10  6.935361412024e-11  1.410865417037e-11  7.077413308574e-11  4.075744658332e-10  2.845574296161e-10
175  7  8  65.000000   0.300000   0.299371   0.006594  0.048758   0.049202   0.323843   0.327559   1.449697486826e-10  4.694738866276e-11  7.132847557196e-12  4.748615394540e-11  1.909916196283e-10  1.535071637234e-10
196  7  9  65.000000   0.340000   0.339830   0.005601  0.048758   0.049079   0.334184   0.337769   1.433240517380e-10  4.789665877345e-11  7.034218503775e-12  4.841043432587e-11  1.007624479021e-10  1.055036550659e-10
217  7  10  65.000000   0.380000   0.379859   0.004479  0.048758   0.048964   0.408748   0.411671   1.017985586782e-10  4.160999094374e-11  4.984439883891e-12  4.190746934968e-11  6.028735937572e-11  8.425026363494e-11
238  7  11  65.000000   0.420000   0.419719   0.003596  0.048758   0.048891   1.000244   1.001439   1.815980222934e-11  1.816424186810e-11  8.878484250212e-13  1.818592745693e-11  3.953471456478e-11  7.166522882560e-11
259  7  12  65.000000   0.460000   0.459623   0.002926  0.048758   0.048846   0.707306   0.708991   4.242615724542e-11  3.000827681168e-11  2.072356564819e-12  3.007974964886e-11  2.758504187628e-11  6.185435245857e-11
280  7  13  65.000000   0.500000   0.499139   0.002462  0.048758   0.048821   0.500345   0.502721   1.026465302295e-10  5.135864515597e-11  5.011264856919e-12  5.160255039940e-11  1.992516297973e-11  5.292845550152e-11
301  7  14  65.000000   0.540000   0.538416   0.002191  0.048758   0.048808   1.000230   1.001420   3.381052053462e-11  3.381830607717e-11  1.650212322737e-12  3.385854436681e-11  1.463393339474e-11  4.443372569792e-11
322  7  15  65.000000   0.580000   0.577658   0.002103  0.048758   0.048804   1.000377   1.001567   4.855169467265e-11  4.857000748276e-11  2.369508103567e-12  4.862777185445e-11  1.078659102248e-11  3.611582955597e-11
343  7  16  65.000000   0.620000   nan   nan  nan   nan   nan   nan   nan  nan  nan  nan  7.939186545236e-12  2.790394394050e-11
364  7  17  65.000000   0.660000   nan   nan  nan   nan   nan   nan   nan  nan  nan  nan  5.796634686667e-12  1.938353880640e-11
385  7  18  65.000000   0.700000   nan   nan  nan   nan   nan   nan   nan  nan  nan  nan  4.186703100361e-12  1.188567330642e-11
406  7  19  65.000000   0.740000   nan   nan  nan   nan   nan   nan   nan  nan  nan  nan  3.000947440538e-12  7.352271884843e-12
427  7  20  65.000000   0.780000   nan   nan  nan   nan   nan   nan   nan  nan  nan  nan  nan  nan
448  7  21  65.000000   0.820000   nan   nan  nan   nan   nan   nan   nan  nan  nan  nan  nan  nan
469  7  22  65.000000   0.860000   nan   nan  nan   nan   nan   nan   nan  nan  nan  nan  nan  nan
490  7  23  65.000000   0.900000   nan   nan  nan   nan   nan   nan   nan  nan  nan  nan  nan  nan
511  7  24  65.000000   0.940000   nan   nan  nan   nan   nan   nan   nan  nan  nan  nan  nan  nan
532  7  25  65.000000   0.980000   nan   nan  nan   nan   nan   nan   nan  nan  nan  nan  nan  nan
553  7  26  65.000000   1.020000   nan   nan  nan   nan   nan   nan   nan  nan  nan  nan  nan  nan
574  7  27  65.000000   1.060000   nan   nan  nan   nan   nan   nan   nan  nan  nan  nan  nan  nan
595  7  28  65.000000   1.100000   nan   nan  nan   nan   nan   nan   nan  nan  nan  nan  nan  nan
616  7  29  65.000000   1.140000   nan   nan  nan   nan   nan   nan   nan  nan  nan  nan  nan  nan
637  7  30  65.000000   1.180000   nan   nan  nan   nan   nan   nan   nan  nan  nan  nan  nan  nan
29  8  1  75.000000   0.020000   0.032054   0.047245  0.048758   0.067893   0.292989   0.300753   6.339797507841e-07  1.857492285679e-07  4.304290922160e-08  1.906710988793e-07  7.162669212015e-07  6.649771455431e-07
50  8  2  75.000000   0.060000   0.061312   0.055951  0.048758   0.074215   0.088321   0.115362   1.806329374448e-07  1.595359683863e-08  1.340567700151e-08  2.083817237568e-08  2.342029812879e-07  2.286716436814e-07
71  8  3  75.000000   0.100000   0.097880   0.045819  0.048758   0.066909   0.063413   0.092185   3.495413153321e-08  2.216548037191e-09  2.338741058514e-09  3.222234463840e-09  4.821334685327e-08  4.441873299964e-08
92  8  4  75.000000   0.140000   0.137151   0.035512  0.048758   0.060320   0.074303   0.095705   8.364432143955e-09  6.214992489083e-10  5.045409311040e-10  8.005141270164e-10  1.069943405175e-08  9.015900509120e-09
113  8  5  75.000000   0.180000   0.176925   0.025788  0.048758   0.055158   0.108335   0.121569   2.249289511194e-09  2.436773423116e-10  1.240660398280e-10  2.734429179823e-10  2.940086702722e-09  2.083812576972e-09
134  8  6  75.000000   0.220000   0.217235   0.017531  0.048758   0.051814   0.176078   0.183543   6.879985456508e-10  1.211412465012e-10  3.564819710808e-11  1.262774546818e-10  1.021962314022e-09  5.894410295759e-10
155  8  7  75.000000   0.260000   0.258085   0.012295  0.048758   0.050285   0.224244   0.229813   4.337811387543e-10  9.727273539966e-11  2.181261835115e-11  9.968839135760e-11  4.183885092633e-10  2.206332174269e-10
176  8  8  75.000000   0.300000   0.299686   0.009174  0.048758   0.049614   0.350288   0.353784   1.624201089613e-10  5.689375569233e-11  8.058327328024e-12  5.746160523431e-11  1.926000512317e-10  1.242535803830e-10
197  8  9  75.000000   0.340000   0.339653   0.007230  0.048758   0.049292   0.380127   0.383309   1.427289928938e-10  5.425513170653e-11  7.035345753437e-12  5.470937219859e-11  1.011018654931e-10  1.011701455867e-10
218  8  10  75.000000   0.380000   0.379691   0.005839  0.048758   0.049107   0.356231   0.359600   1.842633465257e-10  6.564033364399e-11  9.048592730263e-12  6.626107780056e-11  6.039814196022e-11  9.136004640744e-11
239  8  11  75.000000   0.420000   0.419340   0.004982  0.048758   0.049012   0.707383   0.709079   5.540869730805e-11  3.919519510587e-11  2.715710823111e-12  3.928916395982e-11  3.961160025336e-11  8.034892320927e-11
260  8  12  75.000000   0.460000   0.458626   0.004682  0.048758   0.048983   1.000248   1.001447   3.368823599837e-11  3.369659448717e-11  1.650142059282e-12  3.373697450645e-11  2.764979846794e-11  6.664547178598e-11
281  8  13  75.000000   0.500000   0.498117   0.004543  0.048758   0.048970   0.577939   0.580010   1.345896359848e-10  7.778458388348e-11  6.590805018440e-12  7.806330892754e-11  1.990760611269e-11  5.238164363664e-11
302  8  14  75.000000   0.540000   0.537633   0.004822  0.048758   0.048996   1.000537   1.001736   6.464578163286e-11  6.468050411903e-11  3.167408187031e-12  6.475801176469e-11  1.461495915510e-11  3.900702479017e-11
323  8  15  75.000000   0.580000   0.576881   0.005485  0.048758   0.049066   1.000923   1.002124   1.103613015005e-10  1.104631186417e-10  5.414993748945e-12  1.105957627459e-10  1.070321372750e-11  2.780286435448e-11
344  8  16  75.000000   0.620000   nan   nan  nan   nan   nan   nan   nan  nan  nan  nan  7.788415662800e-12  1.907578349961e-11
365  8  17  75.000000   0.660000   nan   nan  nan   nan   nan   nan   nan  nan  nan  nan  5.746252006650e-12  1.300546372586e-11
386  8  18  75.000000   0.700000   nan   nan  nan   nan   nan   nan   nan  nan  nan  nan  4.142652919086e-12  8.391779092679e-12
407  8  19  75.000000   0.740000   nan   nan  nan   nan   nan   nan   nan  nan  nan  nan  2.965158724383e-12  5.204601579516e-12
428  8  20  75.000000   0.780000   nan   nan  nan   nan   nan   nan   nan  nan  nan  nan  nan  nan
449  8  21  75.000000   0.820000   nan   nan  nan   nan   nan   nan   nan  nan  nan  nan  nan  nan
470  8  22  75.000000   0.860000   nan   nan  nan   nan   nan   nan   nan  nan  nan  nan  nan  nan
491  8  23  75.000000   0.900000   nan   nan  nan   nan   nan   nan   nan  nan  nan  nan  nan  nan
512  8  24  75.000000   0.940000   nan   nan  nan   nan   nan   nan   nan  nan  nan  nan  nan  nan
533  8  25  75.000000   0.980000   nan   nan  nan   nan   nan   nan   nan  nan  nan  nan  nan  nan
554  8  26  75.000000   1.020000   nan   nan  nan   nan   nan   nan   nan  nan  nan  nan  nan  nan
575  8  27  75.000000   1.060000   nan   nan  nan   nan   nan   nan   nan  nan  nan  nan  nan  nan
596  8  28  75.000000   1.100000   nan   nan  nan   nan   nan   nan   nan  nan  nan  nan  nan  nan
617  8  29  75.000000   1.140000   nan   nan  nan   nan   nan   nan   nan  nan  nan  nan  nan  nan
638  8  30  75.000000   1.180000   nan   nan  nan   nan   nan   nan   nan  nan  nan  nan  nan  nan
30  9  1  85.000000   0.020000   0.030713   0.062250  0.048758   0.079072   0.363755   0.372250   6.662692203932e-07  2.423585813652e-07  5.268356631972e-08  2.480186285776e-07  7.134035463641e-07  7.014246810971e-07
51  9  2  85.000000   0.060000   0.061080   0.072454  0.048758   0.087332   0.115663   0.144931   1.519292847915e-07  1.757264171865e-08  1.326833636358e-08  2.201922993270e-08  2.398353210847e-07  2.357124310078e-07
72  9  3  85.000000   0.100000   0.098387   0.060386  0.048758   0.077614   0.084526   0.114754   3.544511920156e-08  2.996030265798e-09  2.751019980754e-09  4.067469519012e-09  4.748598099317e-08  4.323182928535e-08
93  9  4  85.000000   0.140000   0.137084   0.051988  0.048758   0.071275   0.098659   0.121712   8.181366393348e-09  8.071691044395e-10  5.831272580885e-10  9.957707378144e-10  1.077641086642e-08  8.885166282959e-09
114  9  5  85.000000   0.180000   0.176686   0.043207  0.048758   0.065147   0.144223   0.158255   2.106312717897e-09  3.037791364680e-10  1.372209575085e-10  3.333336990657e-10  2.952796178827e-09  2.087333490814e-09
135  9  6  85.000000   0.220000   0.216791   0.036454  0.048758   0.060879   0.225511   0.233584   6.961677259303e-10  1.569935375295e-10  4.238217990021e-11  1.626137140561e-10  1.023369956768e-09  5.905156985987e-10
156  9  7  85.000000   0.260000   0.257164   0.029217  0.048758   0.056842   0.268919   0.274861   5.943042668814e-10  1.598197523932e-10  3.378144054124e-11  1.633509687148e-10  4.163894614357e-10  2.381476646445e-10
177  9  8  85.000000   0.300000   0.297715   0.022014  0.048758   0.053498   0.707902   0.709921   1.274425371412e-10  9.021682673126e-11  6.817877238432e-12  9.047408068335e-11  1.926481551269e-10  1.380944524400e-10
198  9  9  85.000000   0.340000   0.337714   0.016392  0.048758   0.051440   0.708571   0.710435   2.024315483865e-10  1.434370510684e-10  1.041312752774e-11  1.438145362754e-10  1.016166416063e-10  1.035377816394e-10
219  9  10  85.000000   0.380000   0.377337   0.012539  0.048758   0.050345   1.001502   1.002766   2.013139722980e-10  2.016162951588e-10  1.013513473406e-11  2.018708781118e-10  6.087714713209e-11  8.367596242938e-11
240  9  11  85.000000   0.420000   nan   nan  nan   nan   nan   nan   nan  nan  nan  nan  4.016243722959e-11  6.716431255064e-11
261  9  12  85.000000   0.460000   nan   nan  nan   nan   nan   nan   nan  nan  nan  nan  2.868740842939e-11  5.187786133336e-11
282  9  13  85.000000   0.500000   nan   nan  nan   nan   nan   nan   nan  nan  nan  nan  2.113487021899e-11  3.863885072606e-11
303  9  14  85.000000   0.540000   nan   nan  nan   nan   nan   nan   nan  nan  nan  nan  nan  nan
324  9  15  85.000000   0.580000   nan   nan  nan   nan   nan   nan   nan  nan  nan  nan  nan  nan
345  9  16  85.000000   0.620000   nan   nan  nan   nan   nan   nan   nan  nan  nan  nan  nan  nan
366  9  17  85.000000   0.660000   nan   nan  nan   nan   nan   nan   nan  nan  nan  nan  nan  nan
387  9  18  85.000000   0.700000   nan   nan  nan   nan   nan   nan   nan  nan  nan  nan  nan  nan
408  9  19  85.000000   0.740000   nan   nan  nan   nan   nan   nan   nan  nan  nan  nan  nan  nan
429  9  20  85.000000   0.780000   nan   nan  nan   nan   nan   nan   nan  nan  nan  nan  nan  nan
450  9  21  85.000000   0.820000   nan   nan  nan   nan   nan   nan   nan  nan  nan  nan  nan  nan
471  9  22  85.000000   0.860000   nan   nan  nan   nan   nan   nan   nan  nan  nan  nan  nan  nan
492  9  23  85.000000   0.900000   nan   nan  nan   nan   nan   nan   nan  nan  nan  nan  nan  nan
513  9  24  85.000000   0.940000   nan   nan  nan   nan   nan   nan   nan  nan  nan  nan  nan  nan
534  9  25  85.000000   0.980000   nan   nan  nan   nan   nan   nan   nan  nan  nan  nan  nan  nan
555  9  26  85.000000   1.020000   nan   nan  nan   nan   nan   nan   nan  nan  nan  nan  nan  nan
576  9  27  85.000000   1.060000   nan   nan  nan   nan   nan   nan   nan  nan  nan  nan  nan  nan
597  9  28  85.000000   1.100000   nan   nan  nan   nan   nan   nan   nan  nan  nan  nan  nan  nan
618  9  29  85.000000   1.140000   nan   nan  nan   nan   nan   nan   nan  nan  nan  nan  nan  nan
639  9  30  85.000000   1.180000   nan   nan  nan   nan   nan   nan   nan  nan  nan  nan  nan  nan
31  10  1  95.000000   0.020000   0.030483   0.062318  0.048758   0.079126   0.467988   0.474630   4.419828000043e-07  2.068426513480e-07  3.497231346189e-08  2.097783237743e-07  7.183800404278e-07  7.055177645130e-07
52  10  2  95.000000   0.060000   0.059840   0.082730  0.048758   0.096030   0.168485   0.193930   2.133231604607e-07  3.594177330239e-08  2.048533193096e-08  4.136979444525e-08  2.600941923679e-07  2.505440474223e-07
73  10  3  95.000000   0.100000   0.097829   0.071946  0.048758   0.086911   0.144854   0.168927   3.143953208174e-08  4.554154657659e-09  2.732453476197e-09  5.310991117057e-09  4.979258387436e-08  4.511682145389e-08
94  10  4  95.000000   0.140000   0.136064   0.061710  0.048758   0.078648   0.179511   0.195984   1.061558753937e-08  1.905618424456e-09  8.348922843956e-10  2.080487131940e-09  1.168607324883e-08  9.887399477585e-09
115  10  5  95.000000   0.180000   0.175239   0.052266  0.048758   0.071478   0.267700   0.277078   4.625400526799e-09  1.238220317423e-09  3.306145801812e-10  1.281598827679e-09  3.441321064065e-09  2.563764869246e-09
136  10  6  95.000000   0.220000   0.213577   0.045481  0.048758   0.066678   0.460871   0.465669   4.303212294249e-09  1.983224110170e-09  2.869278423312e-10  2.003872615179e-09  1.187143472183e-09  8.348357109613e-10
157  10  7  95.000000   0.260000   nan   nan  nan   nan   nan   nan   nan  nan  nan  nan  4.858712778175e-10  3.480975373091e-10
178  10  8  95.000000   0.300000   nan   nan  nan   nan   nan   nan   nan  nan  nan  nan  2.130939877660e-10  1.905603923426e-10
199  10  9  95.000000   0.340000   nan   nan  nan   nan   nan   nan   nan  nan  nan  nan  nan  nan
220  10  10  95.000000   0.380000   nan   nan  nan   nan   nan   nan   nan  nan  nan  nan  nan  nan
241  10  11  95.000000   0.420000   nan   nan  nan   nan   nan   nan   nan  nan  nan  nan  nan  nan
262  10  12  95.000000   0.460000   nan   nan  nan   nan   nan   nan   nan  nan  nan  nan  nan  nan
283  10  13  95.000000   0.500000   nan   nan  nan   nan   nan   nan   nan  nan  nan  nan  nan  nan
304  10  14  95.000000   0.540000   nan   nan  nan   nan   nan   nan   nan  nan  nan  nan  nan  nan
325  10  15  95.000000   0.580000   nan   nan  nan   nan   nan   nan   nan  nan  nan  nan  nan  nan
346  10  16  95.000000   0.620000   nan   nan  nan   nan   nan   nan   nan  nan  nan  nan  nan  nan
367  10  17  95.000000   0.660000   nan   nan  nan   nan   nan   nan   nan  nan  nan  nan  nan  nan
388  10  18  95.000000   0.700000   nan   nan  nan   nan   nan   nan   nan  nan  nan  nan  nan  nan
409  10  19  95.000000   0.740000   nan   nan  nan   nan   nan   nan   nan  nan  nan  nan  nan  nan
430  10  20  95.000000   0.780000   nan   nan  nan   nan   nan   nan   nan  nan  nan  nan  nan  nan
451  10  21  95.000000   0.820000   nan   nan  nan   nan   nan   nan   nan  nan  nan  nan  nan  nan
472  10  22  95.000000   0.860000   nan   nan  nan   nan   nan   nan   nan  nan  nan  nan  nan  nan
493  10  23  95.000000   0.900000   nan   nan  nan   nan   nan   nan   nan  nan  nan  nan  nan  nan
514  10  24  95.000000   0.940000   nan   nan  nan   nan   nan   nan   nan  nan  nan  nan  nan  nan
535  10  25  95.000000   0.980000   nan   nan  nan   nan   nan   nan   nan  nan  nan  nan  nan  nan
556  10  26  95.000000   1.020000   nan   nan  nan   nan   nan   nan   nan  nan  nan  nan  nan  nan
577  10  27  95.000000   1.060000   nan   nan  nan   nan   nan   nan   nan  nan  nan  nan  nan  nan
598  10  28  95.000000   1.100000   nan   nan  nan   nan   nan   nan   nan  nan  nan  nan  nan  nan
619  10  29  95.000000   1.140000   nan   nan  nan   nan   nan   nan   nan  nan  nan  nan  nan  nan
640  10  30  95.000000   1.180000   nan   nan  nan   nan   nan   nan   nan  nan  nan  nan  nan  nan
32  11  1  105.000000   0.020000   0.029324   0.073853  0.048758   0.088497   0.668239   0.674073   4.862289216649e-07  3.249169685915e-07  4.302961471751e-08  3.277538469971e-07  7.710718606910e-07  7.311145301197e-07
53  11  2  105.000000   0.060000   0.059195   0.088476  0.048758   0.101021   0.326164   0.341451   2.072614867594e-07  6.760132841102e-08  2.093786617060e-08  7.076958275073e-08  2.713249034208e-07  2.530084064620e-07
74  11  3  105.000000   0.100000   0.094350   0.080555  0.048758   0.094162   0.395226   0.406288   3.730012182702e-08  1.474195937157e-08  3.512253882109e-09  1.515457994949e-08  5.406693072676e-08  5.167194152315e-08
95  11  4  105.000000   0.140000   0.130814   0.068262  0.048758   0.083887   0.713336   0.718252   2.824602180009e-08  2.014890503845e-08  2.369480519323e-09  2.028775029864e-08  1.400012599689e-08  1.223455864035e-08
116  11  5  105.000000   0.180000   nan   nan  nan   nan   nan   nan   nan  nan  nan  nan  4.314835844555e-09  3.851527410745e-09
137  11  6  105.000000   0.220000   nan   nan  nan   nan   nan   nan   nan  nan  nan  nan  nan  nan
158  11  7  105.000000   0.260000   nan   nan  nan   nan   nan   nan   nan  nan  nan  nan  nan  nan
179  11  8  105.000000   0.300000   nan   nan  nan   nan   nan   nan   nan  nan  nan  nan  nan  nan
200  11  9  105.000000   0.340000   nan   nan  nan   nan   nan   nan   nan  nan  nan  nan  nan  nan
221  11  10  105.000000   0.380000   nan   nan  nan   nan   nan   nan   nan  nan  nan  nan  nan  nan
242  11  11  105.000000   0.420000   nan   nan  nan   nan   nan   nan   nan  nan  nan  nan  nan  nan
263  11  12  105.000000   0.460000   nan   nan  nan   nan   nan   nan   nan  nan  nan  nan  nan  nan
284  11  13  105.000000   0.500000   nan   nan  nan   nan   nan   nan   nan  nan  nan  nan  nan  nan
305  11  14  105.000000   0.540000   nan   nan  nan   nan   nan   nan   nan  nan  nan  nan  nan  nan
326  11  15  105.000000   0.580000   nan   nan  nan   nan   nan   nan   nan  nan  nan  nan  nan  nan
347  11  16  105.000000   0.620000   nan   nan  nan   nan   nan   nan   nan  nan  nan  nan  nan  nan
368  11  17  105.000000   0.660000   nan   nan  nan   nan   nan   nan   nan  nan  nan  nan  nan  nan
389  11  18  105.000000   0.700000   nan   nan  nan   nan   nan   nan   nan  nan  nan  nan  nan  nan
410  11  19  105.000000   0.740000   nan   nan  nan   nan   nan   nan   nan  nan  nan  nan  nan  nan
431  11  20  105.000000   0.780000   nan   nan  nan   nan   nan   nan   nan  nan  nan  nan  nan  nan
452  11  21  105.000000   0.820000   nan   nan  nan   nan   nan   nan   nan  nan  nan  nan  nan  nan
473  11  22  105.000000   0.860000   nan   nan  nan   nan   nan   nan   nan  nan  nan  nan  nan  nan
494  11  23  105.000000   0.900000   nan   nan  nan   nan   nan   nan   nan  nan  nan  nan  nan  nan
515  11  24  105.000000   0.940000   nan   nan  nan   nan   nan   nan   nan  nan  nan  nan  nan  nan
536  11  25  105.000000   0.980000   nan   nan  nan   nan   nan   nan   nan  nan  nan  nan  nan  nan
557  11  26  105.000000   1.020000   nan   nan  nan   nan   nan   nan   nan  nan  nan  nan  nan  nan
578  11  27  105.000000   1.060000   nan   nan  nan   nan   nan   nan   nan  nan  nan  nan  nan  nan
599  11  28  105.000000   1.100000   nan   nan  nan   nan   nan   nan   nan  nan  nan  nan  nan  nan
620  11  29  105.000000   1.140000   nan   nan  nan   nan   nan   nan   nan  nan  nan  nan  nan  nan
641  11  30  105.000000   1.180000   nan   nan  nan   nan   nan   nan   nan  nan  nan  nan  nan  nan
33  12  1  115.000000   0.020000   nan   nan  nan   nan   nan   nan   nan  nan  nan  nan  8.735140921960e-07  7.683202615304e-07
54  12  2  115.000000   0.060000   0.056884   0.094037  0.048758   0.105926   0.931265   0.937270   2.041123598342e-07  1.900826410229e-07  2.162076014935e-08  1.913083053285e-07  2.652023730726e-07  2.658918027568e-07
75  12  3  115.000000   0.100000   nan   nan  nan   nan   nan   nan   nan  nan  nan  nan  6.227352286812e-08  6.165995422816e-08
96  12  4  115.000000   0.140000   nan   nan  nan   nan   nan   nan   nan  nan  nan  nan  nan  nan
117  12  5  115.000000   0.180000   nan   nan  nan   nan   nan   nan   nan  nan  nan  nan  nan  nan
138  12  6  115.000000   0.220000   nan   nan  nan   nan   nan   nan   nan  nan  nan  nan  nan  nan
159  12  7  115.000000   0.260000   nan   nan  nan   nan   nan   nan   nan  nan  nan  nan  nan  nan
180  12  8  115.000000   0.300000   nan   nan  nan   nan   nan   nan   nan  nan  nan  nan  nan  nan
201  12  9  115.000000   0.340000   nan   nan  nan   nan   nan   nan   nan  nan  nan  nan  nan  nan
222  12  10  115.000000   0.380000   nan   nan  nan   nan   nan   nan   nan  nan  nan  nan  nan  nan
243  12  11  115.000000   0.420000   nan   nan  nan   nan   nan   nan   nan  nan  nan  nan  nan  nan
264  12  12  115.000000   0.460000   nan   nan  nan   nan   nan   nan   nan  nan  nan  nan  nan  nan
285  12  13  115.000000   0.500000   nan   nan  nan   nan   nan   nan   nan  nan  nan  nan  nan  nan
306  12  14  115.000000   0.540000   nan   nan  nan   nan   nan   nan   nan  nan  nan  nan  nan  nan
327  12  15  115.000000   0.580000   nan   nan  nan   nan   nan   nan   nan  nan  nan  nan  nan  nan
348  12  16  115.000000   0.620000   nan   nan  nan   nan   nan   nan   nan  nan  nan  nan  nan  nan
369  12  17  115.000000   0.660000   nan   nan  nan   nan   nan   nan   nan  nan  nan  nan  nan  nan
390  12  18  115.000000   0.700000   nan   nan  nan   nan   nan   nan   nan  nan  nan  nan  nan  nan
411  12  19  115.000000   0.740000   nan   nan  nan   nan   nan   nan   nan  nan  nan  nan  nan  nan
432  12  20  115.000000   0.780000   nan   nan  nan   nan   nan   nan   nan  nan  nan  nan  nan  nan
453  12  21  115.000000   0.820000   nan   nan  nan   nan   nan   nan   nan  nan  nan  nan  nan  nan
474  12  22  115.000000   0.860000   nan   nan  nan   nan   nan   nan   nan  nan  nan  nan  nan  nan
495  12  23  115.000000   0.900000   nan   nan  nan   nan   nan   nan   nan  nan  nan  nan  nan  nan
516  12  24  115.000000   0.940000   nan   nan  nan   nan   nan   nan   nan  nan  nan  nan  nan  nan
537  12  25  115.000000   0.980000   nan   nan  nan   nan   nan   nan   nan  nan  nan  nan  nan  nan
558  12  26  115.000000   1.020000   nan   nan  nan   nan   nan   nan   nan  nan  nan  nan  nan  nan
579  12  27  115.000000   1.060000   nan   nan  nan   nan   nan   nan   nan  nan  nan  nan  nan  nan
600  12  28  115.000000   1.100000   nan   nan  nan   nan   nan   nan   nan  nan  nan  nan  nan  nan
621  12  29  115.000000   1.140000   nan   nan  nan   nan   nan   nan   nan  nan  nan  nan  nan  nan
642  12  30  115.000000   1.180000   nan   nan  nan   nan   nan   nan   nan  nan  nan  nan  nan  nan
34  13  1  125.000000   0.020000   nan   nan  nan   nan   nan   nan   nan  nan  nan  nan  8.439949356574e-07  8.450606484112e-07
55  13  2  125.000000   0.060000   nan   nan  nan   nan   nan   nan   nan  nan  nan  nan  nan  nan
76  13  3  125.000000   0.100000   nan   nan  nan   nan   nan   nan   nan  nan  nan  nan  nan  nan
97  13  4  125.000000   0.140000   nan   nan  nan   nan   nan   nan   nan  nan  nan  nan  nan  nan
118  13  5  125.000000   0.180000   nan   nan  nan   nan   nan   nan   nan  nan  nan  nan  nan  nan
139  13  6  125.000000   0.220000   nan   nan  nan   nan   nan   nan   nan  nan  nan  nan  nan  nan
160  13  7  125.000000   0.260000   nan   nan  nan   nan   nan   nan   nan  nan  nan  nan  nan  nan
181  13  8  125.000000   0.300000   nan   nan  nan   nan   nan   nan   nan  nan  nan  nan  nan  nan
202  13  9  125.000000   0.340000   nan   nan  nan   nan   nan   nan   nan  nan  nan  nan  nan  nan
223  13  10  125.000000   0.380000   nan   nan  nan   nan   nan   nan   nan  nan  nan  nan  nan  nan
244  13  11  125.000000   0.420000   nan   nan  nan   nan   nan   nan   nan  nan  nan  nan  nan  nan
265  13  12  125.000000   0.460000   nan   nan  nan   nan   nan   nan   nan  nan  nan  nan  nan  nan
286  13  13  125.000000   0.500000   nan   nan  nan   nan   nan   nan   nan  nan  nan  nan  nan  nan
307  13  14  125.000000   0.540000   nan   nan  nan   nan   nan   nan   nan  nan  nan  nan  nan  nan
328  13  15  125.000000   0.580000   nan   nan  nan   nan   nan   nan   nan  nan  nan  nan  nan  nan
349  13  16  125.000000   0.620000   nan   nan  nan   nan   nan   nan   nan  nan  nan  nan  nan  nan
370  13  17  125.000000   0.660000   nan   nan  nan   nan   nan   nan   nan  nan  nan  nan  nan  nan
391  13  18  125.000000   0.700000   nan   nan  nan   nan   nan   nan   nan  nan  nan  nan  nan  nan
412  13  19  125.000000   0.740000   nan   nan  nan   nan   nan   nan   nan  nan  nan  nan  nan  nan
433  13  20  125.000000   0.780000   nan   nan  nan   nan   nan   nan   nan  nan  nan  nan  nan  nan
454  13  21  125.000000   0.820000   nan   nan  nan   nan   nan   nan   nan  nan  nan  nan  nan  nan
475  13  22  125.000000   0.860000   nan   nan  nan   nan   nan   nan   nan  nan  nan  nan  nan  nan
496  13  23  125.000000   0.900000   nan   nan  nan   nan   nan   nan   nan  nan  nan  nan  nan  nan
517  13  24  125.000000   0.940000   nan   nan  nan   nan   nan   nan   nan  nan  nan  nan  nan  nan
538  13  25  125.000000   0.980000   nan   nan  nan   nan   nan   nan   nan  nan  nan  nan  nan  nan
559  13  26  125.000000   1.020000   nan   nan  nan   nan   nan   nan   nan  nan  nan  nan  nan  nan
580  13  27  125.000000   1.060000   nan   nan  nan   nan   nan   nan   nan  nan  nan  nan  nan  nan
601  13  28  125.000000   1.100000   nan   nan  nan   nan   nan   nan   nan  nan  nan  nan  nan  nan
622  13  29  125.000000   1.140000   nan   nan  nan   nan   nan   nan   nan  nan  nan  nan  nan  nan
643  13  30  125.000000   1.180000   nan   nan  nan   nan   nan   nan   nan  nan  nan  nan  nan  nan
35  14  1  135.000000   0.020000   nan   nan  nan   nan   nan   nan   nan  nan  nan  nan  9.066714260686e-07  8.287973919682e-07
56  14  2  135.000000   0.060000   nan   nan  nan   nan   nan   nan   nan  nan  nan  nan  nan  nan
77  14  3  135.000000   0.100000   nan   nan  nan   nan   nan   nan   nan  nan  nan  nan  nan  nan
98  14  4  135.000000   0.140000   nan   nan  nan   nan   nan   nan   nan  nan  nan  nan  nan  nan
119  14  5  135.000000   0.180000   nan   nan  nan   nan   nan   nan   nan  nan  nan  nan  nan  nan
140  14  6  135.000000   0.220000   nan   nan  nan   nan   nan   nan   nan  nan  nan  nan  nan  nan
161  14  7  135.000000   0.260000   nan   nan  nan   nan   nan   nan   nan  nan  nan  nan  nan  nan
182  14  8  135.000000   0.300000   nan   nan  nan   nan   nan   nan   nan  nan  nan  nan  nan  nan
203  14  9  135.000000   0.340000   nan   nan  nan   nan   nan   nan   nan  nan  nan  nan  nan  nan
224  14  10  135.000000   0.380000   nan   nan  nan   nan   nan   nan   nan  nan  nan  nan  nan  nan
245  14  11  135.000000   0.420000   nan   nan  nan   nan   nan   nan   nan  nan  nan  nan  nan  nan
266  14  12  135.000000   0.460000   nan   nan  nan   nan   nan   nan   nan  nan  nan  nan  nan  nan
287  14  13  135.000000   0.500000   nan   nan  nan   nan   nan   nan   nan  nan  nan  nan  nan  nan
308  14  14  135.000000   0.540000   nan   nan  nan   nan   nan   nan   nan  nan  nan  nan  nan  nan
329  14  15  135.000000   0.580000   nan   nan  nan   nan   nan   nan   nan  nan  nan  nan  nan  nan
350  14  16  135.000000   0.620000   nan   nan  nan   nan   nan   nan   nan  nan  nan  nan  nan  nan
371  14  17  135.000000   0.660000   nan   nan  nan   nan   nan   nan   nan  nan  nan  nan  nan  nan
392  14  18  135.000000   0.700000   nan   nan  nan   nan   nan   nan   nan  nan  nan  nan  nan  nan
413  14  19  135.000000   0.740000   nan   nan  nan   nan   nan   nan   nan  nan  nan  nan  nan  nan
434  14  20  135.000000   0.780000   nan   nan  nan   nan   nan   nan   nan  nan  nan  nan  nan  nan
455  14  21  135.000000   0.820000   nan   nan  nan   nan   nan   nan   nan  nan  nan  nan  nan  nan
476  14  22  135.000000   0.860000   nan   nan  nan   nan   nan   nan   nan  nan  nan  nan  nan  nan
497  14  23  135.000000   0.900000   nan   nan  nan   nan   nan   nan   nan  nan  nan  nan  nan  nan
518  14  24  135.000000   0.940000   nan   nan  nan   nan   nan   nan   nan  nan  nan  nan  nan  nan
539  14  25  135.000000   0.980000   nan   nan  nan   nan   nan   nan   nan  nan  nan  nan  nan  nan
560  14  26  135.000000   1.020000   nan   nan  nan   nan   nan   nan   nan  nan  nan  nan  nan  nan
581  14  27  135.000000   1.060000   nan   nan  nan   nan   nan   nan   nan  nan  nan  nan  nan  nan
602  14  28  135.000000   1.100000   nan   nan  nan   nan   nan   nan   nan  nan  nan  nan  nan  nan
623  14  29  135.000000   1.140000   nan   nan  nan   nan   nan   nan   nan  nan  nan  nan  nan  nan
644  14  30  135.000000   1.180000   nan   nan  nan   nan   nan   nan   nan  nan  nan  nan  nan  nan
36  15  1  145.000000   0.020000   nan   nan  nan   nan   nan   nan   nan  nan  nan  nan  nan  1.295553244632e-06
57  15  2  145.000000   0.060000   nan   nan  nan   nan   nan   nan   nan  nan  nan  nan  nan  nan
78  15  3  145.000000   0.100000   nan   nan  nan   nan   nan   nan   nan  nan  nan  nan  nan  nan
99  15  4  145.000000   0.140000   nan   nan  nan   nan   nan   nan   nan  nan  nan  nan  nan  nan
120  15  5  145.000000   0.180000   nan   nan  nan   nan   nan   nan   nan  nan  nan  nan  nan  nan
141  15  6  145.000000   0.220000   nan   nan  nan   nan   nan   nan   nan  nan  nan  nan  nan  nan
162  15  7  145.000000   0.260000   nan   nan  nan   nan   nan   nan   nan  nan  nan  nan  nan  nan
183  15  8  145.000000   0.300000   nan   nan  nan   nan   nan   nan   nan  nan  nan  nan  nan  nan
204  15  9  145.000000   0.340000   nan   nan  nan   nan   nan   nan   nan  nan  nan  nan  nan  nan
225  15  10  145.000000   0.380000   nan   nan  nan   nan   nan   nan   nan  nan  nan  nan  nan  nan
246  15  11  145.000000   0.420000   nan   nan  nan   nan   nan   nan   nan  nan  nan  nan  nan  nan
267  15  12  145.000000   0.460000   nan   nan  nan   nan   nan   nan   nan  nan  nan  nan  nan  nan
288  15  13  145.000000   0.500000   nan   nan  nan   nan   nan   nan   nan  nan  nan  nan  nan  nan
309  15  14  145.000000   0.540000   nan   nan  nan   nan   nan   nan   nan  nan  nan  nan  nan  nan
330  15  15  145.000000   0.580000   nan   nan  nan   nan   nan   nan   nan  nan  nan  nan  nan  nan
351  15  16  145.000000   0.620000   nan   nan  nan   nan   nan   nan   nan  nan  nan  nan  nan  nan
372  15  17  145.000000   0.660000   nan   nan  nan   nan   nan   nan   nan  nan  nan  nan  nan  nan
393  15  18  145.000000   0.700000   nan   nan  nan   nan   nan   nan   nan  nan  nan  nan  nan  nan
414  15  19  145.000000   0.740000   nan   nan  nan   nan   nan   nan   nan  nan  nan  nan  nan  nan
435  15  20  145.000000   0.780000   nan   nan  nan   nan   nan   nan   nan  nan  nan  nan  nan  nan
456  15  21  145.000000   0.820000   nan   nan  nan   nan   nan   nan   nan  nan  nan  nan  nan  nan
477  15  22  145.000000   0.860000   nan   nan  nan   nan   nan   nan   nan  nan  nan  nan  nan  nan
498  15  23  145.000000   0.900000   nan   nan  nan   nan   nan   nan   nan  nan  nan  nan  nan  nan
519  15  24  145.000000   0.940000   nan   nan  nan   nan   nan   nan   nan  nan  nan  nan  nan  nan
540  15  25  145.000000   0.980000   nan   nan  nan   nan   nan   nan   nan  nan  nan  nan  nan  nan
561  15  26  145.000000   1.020000   nan   nan  nan   nan   nan   nan   nan  nan  nan  nan  nan  nan
582  15  27  145.000000   1.060000   nan   nan  nan   nan   nan   nan   nan  nan  nan  nan  nan  nan
603  15  28  145.000000   1.100000   nan   nan  nan   nan   nan   nan   nan  nan  nan  nan  nan  nan
624  15  29  145.000000   1.140000   nan   nan  nan   nan   nan   nan   nan  nan  nan  nan  nan  nan
645  15  30  145.000000   1.180000   nan   nan  nan   nan   nan   nan   nan  nan  nan  nan  nan  nan
37  16  1  155.000000   0.020000   nan   nan  nan   nan   nan   nan   nan  nan  nan  nan  1.333088638320e-06  nan
58  16  2  155.000000   0.060000   nan   nan  nan   nan   nan   nan   nan  nan  nan  nan  nan  nan
79  16  3  155.000000   0.100000   nan   nan  nan   nan   nan   nan   nan  nan  nan  nan  nan  nan
100  16  4  155.000000   0.140000   nan   nan  nan   nan   nan   nan   nan  nan  nan  nan  nan  nan
121  16  5  155.000000   0.180000   nan   nan  nan   nan   nan   nan   nan  nan  nan  nan  nan  nan
142  16  6  155.000000   0.220000   nan   nan  nan   nan   nan   nan   nan  nan  nan  nan  nan  nan
163  16  7  155.000000   0.260000   nan   nan  nan   nan   nan   nan   nan  nan  nan  nan  nan  nan
184  16  8  155.000000   0.300000   nan   nan  nan   nan   nan   nan   nan  nan  nan  nan  nan  nan
205  16  9  155.000000   0.340000   nan   nan  nan   nan   nan   nan   nan  nan  nan  nan  nan  nan
226  16  10  155.000000   0.380000   nan   nan  nan   nan   nan   nan   nan  nan  nan  nan  nan  nan
247  16  11  155.000000   0.420000   nan   nan  nan   nan   nan   nan   nan  nan  nan  nan  nan  nan
268  16  12  155.000000   0.460000   nan   nan  nan   nan   nan   nan   nan  nan  nan  nan  nan  nan
289  16  13  155.000000   0.500000   nan   nan  nan   nan   nan   nan   nan  nan  nan  nan  nan  nan
310  16  14  155.000000   0.540000   nan   nan  nan   nan   nan   nan   nan  nan  nan  nan  nan  nan
331  16  15  155.000000   0.580000   nan   nan  nan   nan   nan   nan   nan  nan  nan  nan  nan  nan
352  16  16  155.000000   0.620000   nan   nan  nan   nan   nan   nan   nan  nan  nan  nan  nan  nan
373  16  17  155.000000   0.660000   nan   nan  nan   nan   nan   nan   nan  nan  nan  nan  nan  nan
394  16  18  155.000000   0.700000   nan   nan  nan   nan   nan   nan   nan  nan  nan  nan  nan  nan
415  16  19  155.000000   0.740000   nan   nan  nan   nan   nan   nan   nan  nan  nan  nan  nan  nan
436  16  20  155.000000   0.780000   nan   nan  nan   nan   nan   nan   nan  nan  nan  nan  nan  nan
457  16  21  155.000000   0.820000   nan   nan  nan   nan   nan   nan   nan  nan  nan  nan  nan  nan
478  16  22  155.000000   0.860000   nan   nan  nan   nan   nan   nan   nan  nan  nan  nan  nan  nan
499  16  23  155.000000   0.900000   nan   nan  nan   nan   nan   nan   nan  nan  nan  nan  nan  nan
520  16  24  155.000000   0.940000   nan   nan  nan   nan   nan   nan   nan  nan  nan  nan  nan  nan
541  16  25  155.000000   0.980000   nan   nan  nan   nan   nan   nan   nan  nan  nan  nan  nan  nan
562  16  26  155.000000   1.020000   nan   nan  nan   nan   nan   nan   nan  nan  nan  nan  nan  nan
583  16  27  155.000000   1.060000   nan   nan  nan   nan   nan   nan   nan  nan  nan  nan  nan  nan
604  16  28  155.000000   1.100000   nan   nan  nan   nan   nan   nan   nan  nan  nan  nan  nan  nan
625  16  29  155.000000   1.140000   nan   nan  nan   nan   nan   nan   nan  nan  nan  nan  nan  nan
646  16  30  155.000000   1.180000   nan   nan  nan   nan   nan   nan   nan  nan  nan  nan  nan  nan
38  17  1  165.000000   0.020000   nan   nan  nan   nan   nan   nan   nan  nan  nan  nan  nan  nan
59  17  2  165.000000   0.060000   nan   nan  nan   nan   nan   nan   nan  nan  nan  nan  nan  nan
80  17  3  165.000000   0.100000   nan   nan  nan   nan   nan   nan   nan  nan  nan  nan  nan  nan
101  17  4  165.000000   0.140000   nan   nan  nan   nan   nan   nan   nan  nan  nan  nan  nan  nan
122  17  5  165.000000   0.180000   nan   nan  nan   nan   nan   nan   nan  nan  nan  nan  nan  nan
143  17  6  165.000000   0.220000   nan   nan  nan   nan   nan   nan   nan  nan  nan  nan  nan  nan
164  17  7  165.000000   0.260000   nan   nan  nan   nan   nan   nan   nan  nan  nan  nan  nan  nan
185  17  8  165.000000   0.300000   nan   nan  nan   nan   nan   nan   nan  nan  nan  nan  nan  nan
206  17  9  165.000000   0.340000   nan   nan  nan   nan   nan   nan   nan  nan  nan  nan  nan  nan
227  17  10  165.000000   0.380000   nan   nan  nan   nan   nan   nan   nan  nan  nan  nan  nan  nan
248  17  11  165.000000   0.420000   nan   nan  nan   nan   nan   nan   nan  nan  nan  nan  nan  nan
269  17  12  165.000000   0.460000   nan   nan  nan   nan   nan   nan   nan  nan  nan  nan  nan  nan
290  17  13  165.000000   0.500000   nan   nan  nan   nan   nan   nan   nan  nan  nan  nan  nan  nan
311  17  14  165.000000   0.540000   nan   nan  nan   nan   nan   nan   nan  nan  nan  nan  nan  nan
332  17  15  165.000000   0.580000   nan   nan  nan   nan   nan   nan   nan  nan  nan  nan  nan  nan
353  17  16  165.000000   0.620000   nan   nan  nan   nan   nan   nan   nan  nan  nan  nan  nan  nan
374  17  17  165.000000   0.660000   nan   nan  nan   nan   nan   nan   nan  nan  nan  nan  nan  nan
395  17  18  165.000000   0.700000   nan   nan  nan   nan   nan   nan   nan  nan  nan  nan  nan  nan
416  17  19  165.000000   0.740000   nan   nan  nan   nan   nan   nan   nan  nan  nan  nan  nan  nan
437  17  20  165.000000   0.780000   nan   nan  nan   nan   nan   nan   nan  nan  nan  nan  nan  nan
458  17  21  165.000000   0.820000   nan   nan  nan   nan   nan   nan   nan  nan  nan  nan  nan  nan
479  17  22  165.000000   0.860000   nan   nan  nan   nan   nan   nan   nan  nan  nan  nan  nan  nan
500  17  23  165.000000   0.900000   nan   nan  nan   nan   nan   nan   nan  nan  nan  nan  nan  nan
521  17  24  165.000000   0.940000   nan   nan  nan   nan   nan   nan   nan  nan  nan  nan  nan  nan
542  17  25  165.000000   0.980000   nan   nan  nan   nan   nan   nan   nan  nan  nan  nan  nan  nan
563  17  26  165.000000   1.020000   nan   nan  nan   nan   nan   nan   nan  nan  nan  nan  nan  nan
584  17  27  165.000000   1.060000   nan   nan  nan   nan   nan   nan   nan  nan  nan  nan  nan  nan
605  17  28  165.000000   1.100000   nan   nan  nan   nan   nan   nan   nan  nan  nan  nan  nan  nan
626  17  29  165.000000   1.140000   nan   nan  nan   nan   nan   nan   nan  nan  nan  nan  nan  nan
647  17  30  165.000000   1.180000   nan   nan  nan   nan   nan   nan   nan  nan  nan  nan  nan  nan
39  18  1  175.000000   0.020000   nan   nan  nan   nan   nan   nan   nan  nan  nan  nan  nan  nan
60  18  2  175.000000   0.060000   nan   nan  nan   nan   nan   nan   nan  nan  nan  nan  nan  nan
81  18  3  175.000000   0.100000   nan   nan  nan   nan   nan   nan   nan  nan  nan  nan  nan  nan
102  18  4  175.000000   0.140000   nan   nan  nan   nan   nan   nan   nan  nan  nan  nan  nan  nan
123  18  5  175.000000   0.180000   nan   nan  nan   nan   nan   nan   nan  nan  nan  nan  nan  nan
144  18  6  175.000000   0.220000   nan   nan  nan   nan   nan   nan   nan  nan  nan  nan  nan  nan
165  18  7  175.000000   0.260000   nan   nan  nan   nan   nan   nan   nan  nan  nan  nan  nan  nan
186  18  8  175.000000   0.300000   nan   nan  nan   nan   nan   nan   nan  nan  nan  nan  nan  nan
207  18  9  175.000000   0.340000   nan   nan  nan   nan   nan   nan   nan  nan  nan  nan  nan  nan
228  18  10  175.000000   0.380000   nan   nan  nan   nan   nan   nan   nan  nan  nan  nan  nan  nan
249  18  11  175.000000   0.420000   nan   nan  nan   nan   nan   nan   nan  nan  nan  nan  nan  nan
270  18  12  175.000000   0.460000   nan   nan  nan   nan   nan   nan   nan  nan  nan  nan  nan  nan
291  18  13  175.000000   0.500000   nan   nan  nan   nan   nan   nan   nan  nan  nan  nan  nan  nan
312  18  14  175.000000   0.540000   nan   nan  nan   nan   nan   nan   nan  nan  nan  nan  nan  nan
333  18  15  175.000000   0.580000   nan   nan  nan   nan   nan   nan   nan  nan  nan  nan  nan  nan
354  18  16  175.000000   0.620000   nan   nan  nan   nan   nan   nan   nan  nan  nan  nan  nan  nan
375  18  17  175.000000   0.660000   nan   nan  nan   nan   nan   nan   nan  nan  nan  nan  nan  nan
396  18  18  175.000000   0.700000   nan   nan  nan   nan   nan   nan   nan  nan  nan  nan  nan  nan
417  18  19  175.000000   0.740000   nan   nan  nan   nan   nan   nan   nan  nan  nan  nan  nan  nan
438  18  20  175.000000   0.780000   nan   nan  nan   nan   nan   nan   nan  nan  nan  nan  nan  nan
459  18  21  175.000000   0.820000   nan   nan  nan   nan   nan   nan   nan  nan  nan  nan  nan  nan
480  18  22  175.000000   0.860000   nan   nan  nan   nan   nan   nan   nan  nan  nan  nan  nan  nan
501  18  23  175.000000   0.900000   nan   nan  nan   nan   nan   nan   nan  nan  nan  nan  nan  nan
522  18  24  175.000000   0.940000   nan   nan  nan   nan   nan   nan   nan  nan  nan  nan  nan  nan
543  18  25  175.000000   0.980000   nan   nan  nan   nan   nan   nan   nan  nan  nan  nan  nan  nan
564  18  26  175.000000   1.020000   nan   nan  nan   nan   nan   nan   nan  nan  nan  nan  nan  nan
585  18  27  175.000000   1.060000   nan   nan  nan   nan   nan   nan   nan  nan  nan  nan  nan  nan
606  18  28  175.000000   1.100000   nan   nan  nan   nan   nan   nan   nan  nan  nan  nan  nan  nan
627  18  29  175.000000   1.140000   nan   nan  nan   nan   nan   nan   nan  nan  nan  nan  nan  nan
648  18  30  175.000000   1.180000   nan   nan  nan   nan   nan   nan   nan  nan  nan  nan  nan  nan
40  19  1  185.000000   0.020000   nan   nan  nan   nan   nan   nan   nan  nan  nan  nan  nan  nan
61  19  2  185.000000   0.060000   nan   nan  nan   nan   nan   nan   nan  nan  nan  nan  nan  nan
82  19  3  185.000000   0.100000   nan   nan  nan   nan   nan   nan   nan  nan  nan  nan  nan  nan
103  19  4  185.000000   0.140000   nan   nan  nan   nan   nan   nan   nan  nan  nan  nan  nan  nan
124  19  5  185.000000   0.180000   nan   nan  nan   nan   nan   nan   nan  nan  nan  nan  nan  nan
145  19  6  185.000000   0.220000   nan   nan  nan   nan   nan   nan   nan  nan  nan  nan  nan  nan
166  19  7  185.000000   0.260000   nan   nan  nan   nan   nan   nan   nan  nan  nan  nan  nan  nan
187  19  8  185.000000   0.300000   nan   nan  nan   nan   nan   nan   nan  nan  nan  nan  nan  nan
208  19  9  185.000000   0.340000   nan   nan  nan   nan   nan   nan   nan  nan  nan  nan  nan  nan
229  19  10  185.000000   0.380000   nan   nan  nan   nan   nan   nan   nan  nan  nan  nan  nan  nan
250  19  11  185.000000   0.420000   nan   nan  nan   nan   nan   nan   nan  nan  nan  nan  nan  nan
271  19  12  185.000000   0.460000   nan   nan  nan   nan   nan   nan   nan  nan  nan  nan  nan  nan
292  19  13  185.000000   0.500000   nan   nan  nan   nan   nan   nan   nan  nan  nan  nan  nan  nan
313  19  14  185.000000   0.540000   nan   nan  nan   nan   nan   nan   nan  nan  nan  nan  nan  nan
334  19  15  185.000000   0.580000   nan   nan  nan   nan   nan   nan   nan  nan  nan  nan  nan  nan
355  19  16  185.000000   0.620000   nan   nan  nan   nan   nan   nan   nan  nan  nan  nan  nan  nan
376  19  17  185.000000   0.660000   nan   nan  nan   nan   nan   nan   nan  nan  nan  nan  nan  nan
397  19  18  185.000000   0.700000   nan   nan  nan   nan   nan   nan   nan  nan  nan  nan  nan  nan
418  19  19  185.000000   0.740000   nan   nan  nan   nan   nan   nan   nan  nan  nan  nan  nan  nan
439  19  20  185.000000   0.780000   nan   nan  nan   nan   nan   nan   nan  nan  nan  nan  nan  nan
460  19  21  185.000000   0.820000   nan   nan  nan   nan   nan   nan   nan  nan  nan  nan  nan  nan
481  19  22  185.000000   0.860000   nan   nan  nan   nan   nan   nan   nan  nan  nan  nan  nan  nan
502  19  23  185.000000   0.900000   nan   nan  nan   nan   nan   nan   nan  nan  nan  nan  nan  nan
523  19  24  185.000000   0.940000   nan   nan  nan   nan   nan   nan   nan  nan  nan  nan  nan  nan
544  19  25  185.000000   0.980000   nan   nan  nan   nan   nan   nan   nan  nan  nan  nan  nan  nan
565  19  26  185.000000   1.020000   nan   nan  nan   nan   nan   nan   nan  nan  nan  nan  nan  nan
586  19  27  185.000000   1.060000   nan   nan  nan   nan   nan   nan   nan  nan  nan  nan  nan  nan
607  19  28  185.000000   1.100000   nan   nan  nan   nan   nan   nan   nan  nan  nan  nan  nan  nan
628  19  29  185.000000   1.140000   nan   nan  nan   nan   nan   nan   nan  nan  nan  nan  nan  nan
649  19  30  185.000000   1.180000   nan   nan  nan   nan   nan   nan   nan  nan  nan  nan  nan  nan
