        
#This file contains combined Reduced Cross Sections from all data sets of the same kinematic bin. pm80 + pm580 (sets 1 and 2) +  pm750 (sets 1, 2 and 3)                                                                                                                                                                                           
#\ xb = th_nq                                                                                                    
#\ yb = pm                                                                        
#relative errors df/f=dsig/sig: kin_syst_tot (kinematic systematics),  norm_syst_tot (constant, norm. syst.)
# current header line:  
#! i_b[i,0]/ i_x[i,1]/ i_y[i,2]/ xb[f,3]/ yb[f,4]/  pm_avg[f,5]/  kin_syst_tot[f,6]/  norm_syst_tot[f,7]/  tot_syst_err[f,8]/  tot_stats_err[f,9]/  tot_err[f,10]/   red_dataXsec_avg[f,11]/   red_dataXsec_avg_err[f,12]/  red_dataXsec_avg_syst_err[f,13]/   red_dataXsec_avg_tot_err[f,14]/  red_pwiaXsec_avg[f,15]/ red_fsiXsec_avg[f,16]/  
22  1  1  5.000000   0.020000   0.032595   0.043052   0.036611   0.056514   0.425248   0.428987   6.553028305896e-07  2.786661672994e-07  3.703374537705e-08  2.811162234628e-07  6.347406825877e-07  6.070535539781e-07 
43  1  2  5.000000   0.060000   0.061829   0.054632   0.036611   0.065765   0.144706   0.158949   1.689213500797e-07  2.444390497671e-08  1.110912487666e-08  2.684990029843e-08  1.720560067026e-07  1.608856094358e-07 
64  1  3  5.000000   0.100000   0.098778   0.052770   0.036611   0.064227   0.106323   0.124216   3.871377385681e-08  4.116172182227e-09  2.486468638657e-09  4.808887576640e-09  3.748108324116e-08  3.499166806674e-08 
85  1  4  5.000000   0.140000   0.136459   0.050203   0.036611   0.062134   0.166033   0.177278   8.418542854743e-09  1.397754727725e-09  5.230809345278e-10  1.492424853366e-09  1.001425498291e-08  9.372346080888e-09 
106  1  5  5.000000   0.180000   0.174145   0.048733   0.036611   0.060953   0.322946   0.328648   3.159100314604e-09  1.020219257219e-09  1.925579887237e-10  1.038232108838e-09  3.226477648259e-09  3.009632243776e-09 
127  1  6  5.000000   0.220000   0.209935   0.049928   0.036611   0.061912   0.515061   0.518769   4.422310067140e-09  2.277758737890e-09  2.737961034853e-10  2.294155438134e-09  1.232353769195e-09  1.178411870487e-09 
148  1  7  5.000000   0.260000   0.245677   nan   nan   nan   nan   nan   nan  nan  nan  nan  5.315369442982e-10  5.011743410244e-10 
169  1  8  5.000000   0.300000   nan   nan   nan   nan   nan   nan   nan  nan  nan  nan  nan  nan 
190  1  9  5.000000   0.340000   nan   nan   nan   nan   nan   nan   nan  nan  nan  nan  nan  nan 
211  1  10  5.000000   0.380000   nan   nan   nan   nan   nan   nan   nan  nan  nan  nan  nan  nan 
232  1  11  5.000000   0.420000   nan   nan   nan   nan   nan   nan   nan  nan  nan  nan  nan  nan 
253  1  12  5.000000   0.460000   nan   nan   nan   nan   nan   nan   nan  nan  nan  nan  nan  nan 
274  1  13  5.000000   0.500000   nan   nan   nan   nan   nan   nan   nan  nan  nan  nan  nan  nan 
295  1  14  5.000000   0.540000   nan   nan   nan   nan   nan   nan   nan  nan  nan  nan  nan  nan 
316  1  15  5.000000   0.580000   nan   nan   nan   nan   nan   nan   nan  nan  nan  nan  nan  nan 
337  1  16  5.000000   0.620000   nan   nan   nan   nan   nan   nan   nan  nan  nan  nan  nan  nan 
358  1  17  5.000000   0.660000   nan   nan   nan   nan   nan   nan   nan  nan  nan  nan  nan  nan 
379  1  18  5.000000   0.700000   nan   nan   nan   nan   nan   nan   nan  nan  nan  nan  nan  nan 
400  1  19  5.000000   0.740000   nan   nan   nan   nan   nan   nan   nan  nan  nan  nan  nan  nan 
421  1  20  5.000000   0.780000   nan   nan   nan   nan   nan   nan   nan  nan  nan  nan  nan  nan 
442  1  21  5.000000   0.820000   nan   nan   nan   nan   nan   nan   nan  nan  nan  nan  nan  nan 
463  1  22  5.000000   0.860000   nan   nan   nan   nan   nan   nan   nan  nan  nan  nan  nan  nan 
484  1  23  5.000000   0.900000   nan   nan   nan   nan   nan   nan   nan  nan  nan  nan  nan  nan 
505  1  24  5.000000   0.940000   nan   nan   nan   nan   nan   nan   nan  nan  nan  nan  nan  nan 
526  1  25  5.000000   0.980000   nan   nan   nan   nan   nan   nan   nan  nan  nan  nan  nan  nan 
547  1  26  5.000000   1.020000   nan   nan   nan   nan   nan   nan   nan  nan  nan  nan  nan  nan 
568  1  27  5.000000   1.060000   nan   nan   nan   nan   nan   nan   nan  nan  nan  nan  nan  nan 
589  1  28  5.000000   1.100000   nan   nan   nan   nan   nan   nan   nan  nan  nan  nan  nan  nan 
610  1  29  5.000000   1.140000   nan   nan   nan   nan   nan   nan   nan  nan  nan  nan  nan  nan 
631  1  30  5.000000   1.180000   nan   nan   nan   nan   nan   nan   nan  nan  nan  nan  nan  nan 
23  2  1  15.000000   0.020000   0.032230   0.040837   0.036611   0.054845   0.279214   0.284550   6.452956472809e-07  1.801756049734e-07  3.539154997932e-08  1.836186549277e-07  6.570020954043e-07  6.175735645575e-07 
44  2  2  15.000000   0.060000   0.062477   0.052870   0.036611   0.064309   0.084213   0.105960   1.796362076916e-07  1.512778988594e-08  1.155215383515e-08  1.903423980789e-08  1.693893532448e-07  1.594918458533e-07 
65  2  3  15.000000   0.100000   0.098535   0.052057   0.036611   0.063642   0.063662   0.090017   3.931856302779e-08  2.503084584422e-09  2.502305524766e-09  3.539345331562e-09  3.881496937511e-08  3.696261552528e-08 
86  2  4  15.000000   0.140000   0.136693   0.051850   0.036611   0.063473   0.087882   0.108407   1.005127127503e-08  8.833250097242e-10  6.379833074005e-10  1.089626437512e-09  9.844655957863e-09  9.424659011003e-09 
107  2  5  15.000000   0.180000   0.175228   0.053403   0.036611   0.064748   0.172301   0.184065   2.998865635093e-09  5.167076585023e-10  1.941694366618e-10  5.519860274395e-10  3.105337823576e-09  2.948603961934e-09 
128  2  6  15.000000   0.220000   0.214385   0.055891   0.036611   0.066815   0.336342   0.342914   1.518753244430e-09  5.108208693738e-10  1.014754817861e-10  5.208024903853e-10  1.103673029859e-09  1.046716410424e-09 
149  2  7  15.000000   0.260000   0.252989   0.055078   0.036611   0.066136   0.710632   0.713703   8.531190234046e-10  6.062536188805e-10  5.642164739766e-11  6.088734291302e-10  4.438841017858e-10  4.242220039299e-10 
170  2  8  15.000000   0.300000   0.291490   nan   nan   nan   nan   nan   nan  nan  nan  nan  2.092805014749e-10  1.902827190239e-10 
191  2  9  15.000000   0.340000   0.326038   nan   nan   nan   nan   nan   nan  nan  nan  nan  1.149484345385e-10  1.022049566847e-10 
212  2  10  15.000000   0.380000   nan   nan   nan   nan   nan   nan   nan  nan  nan  nan  nan  nan 
233  2  11  15.000000   0.420000   0.430844   nan   nan   nan   nan   nan   nan  nan  nan  nan  3.520585266024e-11  2.524238513847e-11 
254  2  12  15.000000   0.460000   0.464395   nan   nan   nan   nan   nan   nan  nan  nan  nan  2.602771018155e-11  1.808876746221e-11 
275  2  13  15.000000   0.500000   0.500803   0.005469   0.037400   0.037798   1.004404   1.005114   2.469370125950e-11  2.480244076525e-11  9.333682639245e-13  2.481999686200e-11  1.935624017766e-11  1.301826221421e-11 
296  2  14  15.000000   0.540000   0.540564   0.008541   0.053022   0.053705   0.710776   0.712802   1.520475947328e-11  1.080717411193e-11  8.165791713487e-13  1.083798015446e-11  1.429360942434e-11  9.363783113834e-12 
317  2  15  15.000000   0.580000   0.580298   nan   nan   nan   nan   nan   nan  nan  nan  nan  9.984310103538e-12  6.815152259075e-12 
338  2  16  15.000000   0.620000   0.619628   nan   nan   nan   nan   nan   nan  nan  nan  nan  7.372010165441e-12  4.936167973594e-12 
359  2  17  15.000000   0.660000   0.660182   nan   nan   nan   nan   nan   nan  nan  nan  nan  5.553849628869e-12  3.640271042485e-12 
380  2  18  15.000000   0.700000   0.699669   0.010475   0.037584   0.039016   1.000894   1.001654   7.925979650228e-12  7.933067695131e-12  3.092439498070e-13  7.939092824500e-12  3.993503590556e-12  2.613758367016e-12 
401  2  19  15.000000   0.740000   0.738147   nan   nan   nan   nan   nan   nan  nan  nan  nan  2.862143712942e-12  1.869596585417e-12 
422  2  20  15.000000   0.780000   0.774762   nan   nan   nan   nan   nan   nan  nan  nan  nan  2.095838414535e-12  1.373367325453e-12 
443  2  21  15.000000   0.820000   0.816504   nan   nan   nan   nan   nan   nan  nan  nan  nan  1.362350139699e-12  9.184237894610e-13 
464  2  22  15.000000   0.860000   0.852701   nan   nan   nan   nan   nan   nan  nan  nan  nan  9.797017747515e-13  6.700073774729e-13 
485  2  23  15.000000   0.900000   0.883038   nan   nan   nan   nan   nan   nan  nan  nan  nan  nan  nan 
506  2  24  15.000000   0.940000   nan   nan   nan   nan   nan   nan   nan  nan  nan  nan  nan  nan 
527  2  25  15.000000   0.980000   nan   nan   nan   nan   nan   nan   nan  nan  nan  nan  nan  nan 
548  2  26  15.000000   1.020000   nan   nan   nan   nan   nan   nan   nan  nan  nan  nan  nan  nan 
569  2  27  15.000000   1.060000   nan   nan   nan   nan   nan   nan   nan  nan  nan  nan  nan  nan 
590  2  28  15.000000   1.100000   nan   nan   nan   nan   nan   nan   nan  nan  nan  nan  nan  nan 
611  2  29  15.000000   1.140000   nan   nan   nan   nan   nan   nan   nan  nan  nan  nan  nan  nan 
632  2  30  15.000000   1.180000   nan   nan   nan   nan   nan   nan   nan  nan  nan  nan  nan  nan 
24  3  1  25.000000   0.020000   0.032152   0.031505   0.036611   0.048301   0.240116   0.244926   9.621478358494e-07  2.310274454182e-07  4.647226529131e-08  2.356551547872e-07  6.346774241855e-07  6.189728116946e-07 
45  3  2  25.000000   0.060000   0.062560   0.046093   0.036611   0.058864   0.068226   0.090109   1.694631769481e-07  1.156176791473e-08  9.975236821161e-09  1.527022681404e-08  1.726437786409e-07  1.662971373075e-07 
66  3  3  25.000000   0.100000   0.099209   0.048846   0.036611   0.061044   0.050642   0.079315   3.912049058312e-08  1.981126608676e-09  2.388063448907e-09  3.102855084532e-09  3.935408021951e-08  3.663552276201e-08 
87  3  4  25.000000   0.140000   0.137853   0.052059   0.036611   0.063644   0.068162   0.093255   9.359494256220e-09  6.379578321175e-10  5.956754369090e-10  8.728226748296e-10  9.694915477561e-09  9.035525972217e-09 
108  3  5  25.000000   0.180000   0.176850   0.055859   0.036611   0.066788   0.109056   0.127882   3.640684511212e-09  3.970381227436e-10  2.431540778311e-10  4.655783247507e-10  3.032253314569e-09  2.842661099274e-09 
129  3  6  25.000000   0.220000   0.216640   0.058057   0.036611   0.068637   0.178447   0.191192   1.628392628947e-09  2.905817552115e-10  1.117680577727e-10  3.113355989926e-10  1.059822674343e-09  9.914987967359e-10 
150  3  7  25.000000   0.260000   0.256381   0.056291   0.036611   0.067150   0.448038   0.453042   3.566434183250e-10  1.597898691282e-10  2.394855752450e-11  1.615745514724e-10  4.222685098192e-10  3.954945989022e-10 
171  3  8  25.000000   0.300000   0.296126   0.049281   0.036611   0.061392   1.000521   1.002403   1.053506468112e-10  1.054055284837e-10  6.467717553842e-12  1.056037726849e-10  1.953334956896e-10  1.788145389875e-10 
192  3  9  25.000000   0.340000   0.334696   nan   nan   nan   nan   nan   nan  nan  nan  nan  1.054649255344e-10  9.212416016373e-11 
213  3  10  25.000000   0.380000   0.386441   nan   nan   nan   nan   nan   nan  nan  nan  nan  5.647685163808e-11  4.573675056666e-11 
234  3  11  25.000000   0.420000   0.428482   nan   nan   nan   nan   nan   nan  nan  nan  nan  3.553033676152e-11  2.852416089822e-11 
255  3  12  25.000000   0.460000   0.463367   0.002859   0.037400   0.037509   1.000975   1.001677   4.951217627667e-12  4.956043526606e-12  1.857160936306e-13  4.959521943196e-12  2.623779751818e-11  2.023391670176e-11 
276  3  13  25.000000   0.500000   0.507908   0.003988   0.053022   0.053172   0.572846   0.575308   2.706715412768e-12  1.550530202121e-12  1.439210023364e-13  1.557195287240e-12  1.830757122719e-11  1.376783195692e-11 
297  3  14  25.000000   0.540000   0.543907   0.004087   0.053022   0.053179   0.425096   0.428409   3.136095608917e-12  1.333140739290e-12  1.667754580018e-13  1.343532018281e-12  1.382991423720e-11  1.010162299399e-11 
318  3  15  25.000000   0.580000   0.581385   0.005434   0.065051   0.065278   0.392436   0.397828   2.447561604954e-12  9.605103961178e-13  1.597709307759e-13  9.737078470318e-13  1.036143556444e-11  7.388816820178e-12 
339  3  16  25.000000   0.620000   0.620259   0.007513   0.084095   0.084430   0.309959   0.321252   2.441273013365e-12  7.566943990056e-13  2.061164645105e-13  7.842642478328e-13  7.641951046831e-12  5.327773244659e-12 
360  3  17  25.000000   0.660000   0.659451   0.006240   0.065051   0.065350   0.409884   0.415060   1.375467760883e-12  5.637815583195e-13  8.988625797939e-14  5.709020799356e-13  5.569330500127e-12  3.814573666520e-12 
381  3  18  25.000000   0.700000   0.699139   0.007872   0.075142   0.075554   0.535001   0.540309   6.498933874836e-13  3.476934858269e-13  4.910180253918e-14  3.511434850585e-13  4.006707886860e-12  2.692204137061e-12 
402  3  19  25.000000   0.740000   0.738678   0.007244   0.065257   0.065658   0.355542   0.361553   1.876162033805e-12  6.670540623982e-13  1.231846098709e-13  6.783329346795e-13  2.836104852213e-12  1.875365263789e-12 
423  3  20  25.000000   0.780000   0.778119   0.007440   0.065273   0.065696   0.425477   0.430519   1.095596642595e-12  4.661512480837e-13  7.197651940596e-14  4.716753178149e-13  1.976657943770e-12  1.296730899251e-12 
444  3  21  25.000000   0.820000   0.817520   0.006637   0.053347   0.053758   0.849857   0.851555   3.279241558311e-13  2.786885250545e-13  1.762859983853e-14  2.792455219504e-13  1.348665382013e-12  8.850266554655e-13 
465  3  22  25.000000   0.860000   0.857059   0.005007   0.037687   0.038018   0.707356   0.708377   6.473782123319e-13  4.579266971835e-13  2.461206673408e-14  4.585876293821e-13  9.021693271149e-13  6.020791912811e-13 
486  3  23  25.000000   0.900000   0.896334   0.005416   0.037613   0.038001   1.000190   1.000912   1.253802698795e-12  1.254041236547e-12  4.764579185653e-14  1.254946032482e-12  5.884772000014e-13  4.085593041334e-13 
507  3  24  25.000000   0.940000   0.935772   0.008244   0.053245   0.053880   0.582844   0.585329   1.531748566946e-12  8.927706321775e-13  8.252994431630e-14  8.965771541744e-13  3.711745607967e-13  2.743223762954e-13 
528  3  25  25.000000   0.980000   0.973400   nan   nan   nan   nan   nan   nan  nan  nan  nan  2.253999323974e-13  1.846884030839e-13 
549  3  26  25.000000   1.020000   1.015707   nan   nan   nan   nan   nan   nan  nan  nan  nan  1.295854185115e-13  1.240793365082e-13 
570  3  27  25.000000   1.060000   1.054852   nan   nan   nan   nan   nan   nan  nan  nan  nan  7.159269946898e-14  8.534626514395e-14 
591  3  28  25.000000   1.100000   1.093797   nan   nan   nan   nan   nan   nan  nan  nan  nan  nan  nan 
612  3  29  25.000000   1.140000   1.132256   nan   nan   nan   nan   nan   nan  nan  nan  nan  nan  nan 
633  3  30  25.000000   1.180000   1.170655   nan   nan   nan   nan   nan   nan  nan  nan  nan  nan  nan 
25  4  1  35.000000   0.020000   0.031807   0.025247   0.036611   0.044473   0.209112   0.213789   5.217887781636e-07  1.091121594239e-07  2.320534858913e-08  1.115524609199e-07  6.655040357961e-07  6.351932576734e-07 
46  4  2  35.000000   0.060000   0.062170   0.033632   0.036611   0.049714   0.063177   0.080392   1.538663076049e-07  9.720885542460e-09  7.649347020227e-09  1.236964532901e-08  1.826217602478e-07  1.756560906697e-07 
67  4  3  35.000000   0.100000   0.099140   0.040933   0.036611   0.054917   0.046029   0.071656   3.764129693027e-08  1.732584372360e-09  2.067160348460e-09  2.697220887060e-09  3.937375389666e-08  3.665539201051e-08 
88  4  4  35.000000   0.140000   0.138748   0.047578   0.036611   0.060034   0.057726   0.083285   9.877626113344e-09  5.701977628733e-10  5.929908391028e-10  8.226564435082e-10  9.904017205847e-09  9.055735167265e-09 
109  4  5  35.000000   0.180000   0.177804   0.052248   0.036611   0.063798   0.101242   0.119667   2.613173111280e-09  2.645621034569e-10  1.667160004882e-10  3.127096599153e-10  3.017537669118e-09  2.757269528178e-09 
130  4  6  35.000000   0.220000   0.217658   0.054551   0.036611   0.065698   0.157195   0.170372   1.125020344535e-09  1.768478003460e-10  7.391111668164e-11  1.916715880258e-10  1.049108077307e-09  9.657024771188e-10 
151  4  7  35.000000   0.260000   0.257537   0.052467   0.036611   0.063978   0.289230   0.296221   3.623278658045e-10  1.047959559226e-10  2.318084455835e-11  1.073291383184e-10  4.160137243193e-10  3.902259487201e-10 
172  4  8  35.000000   0.300000   0.297431   0.046001   0.036611   0.058792   0.577645   0.580629   1.087104891084e-10  6.279609611607e-11  6.391268905071e-12  6.312050384491e-11  1.919630465783e-10  1.823825774864e-10 
193  4  9  35.000000   0.340000   0.337372   0.038891   0.036611   0.053413   0.707408   0.709421   9.788773540684e-11  6.924654236749e-11  5.228448452428e-12  6.944364839978e-11  1.020973561218e-10  9.657208023091e-11 
214  4  10  35.000000   0.380000   0.387658   0.031730   0.036611   0.048447   1.000335   1.001507   8.059978015163e-11  8.062676442402e-11  3.904857301437e-12  8.072126765624e-11  5.507134553616e-11  5.055191828058e-11 
235  4  11  35.000000   0.420000   0.424064   nan   nan   nan   nan   nan   nan  nan  nan  nan  3.731938183293e-11  3.446588867292e-11 
256  4  12  35.000000   0.460000   0.460382   0.007184   0.053022   0.053506   0.454106   0.457248   1.252724613259e-11  5.688701269382e-12  6.702882921349e-13  5.728054515003e-12  2.712966041273e-11  2.483252141859e-11 
277  4  13  35.000000   0.500000   0.505217   0.007073   0.053022   0.053492   0.282000   0.287028   7.823990859630e-12  2.206362990583e-12  4.185186671243e-13  2.245706018371e-12  1.908162028000e-11  1.665430913605e-11 
298  4  14  35.000000   0.540000   0.545069   0.007164   0.053022   0.053504   0.230960   0.237076   5.529797024826e-12  1.277160507217e-12  2.958653214315e-13  1.310982551226e-12  1.370892025134e-11  1.179810010717e-11 
319  4  15  35.000000   0.580000   0.582416   0.010922   0.075142   0.075932   0.266585   0.277188   2.433406581141e-12  6.487086659646e-13  1.847733729127e-13  6.745102909779e-13  1.028519946770e-11  8.797795785999e-12 
340  4  16  35.000000   0.620000   0.620893   0.013283   0.084095   0.085138   0.187591   0.206007   2.963265215477e-12  5.558813807268e-13  2.522850248210e-13  6.104521628987e-13  7.573395212498e-12  6.469679111567e-12 
361  4  17  35.000000   0.660000   0.660168   0.012603   0.075142   0.076192   0.216713   0.229717   1.608449022029e-12  3.485719807826e-13  1.225509856821e-13  3.694877127569e-13  5.520498399981e-12  4.707990549802e-12 
382  4  18  35.000000   0.700000   0.699596   0.015234   0.084095   0.085464   0.183449   0.202380   1.617131359860e-12  2.966609159443e-13  1.382060007149e-13  3.272744989799e-13  3.971414951428e-12  3.404205821329e-12 
403  4  19  35.000000   0.740000   0.739075   0.016301   0.084095   0.085660   0.191296   0.209599   1.303782214646e-12  2.494081366884e-13  1.116824843250e-13  2.732716523011e-13  2.812089356151e-12  2.428067771530e-12 
424  4  20  35.000000   0.780000   0.778919   0.016340   0.075229   0.076983   0.181142   0.196822   1.512350607987e-12  2.739507533818e-13  1.164252845327e-13  2.976640088371e-13  1.954991735092e-12  1.705601670327e-12 
445  4  21  35.000000   0.820000   0.818674   0.019052   0.084095   0.086226   0.236194   0.251441   7.972451593564e-13  1.883042673741e-13  6.874342936200e-14  2.004598617972e-13  1.328646356732e-12  1.181295876174e-12 
466  4  22  35.000000   0.860000   0.858392   0.020595   0.084095   0.086580   0.223077   0.239290   9.271582416111e-13  2.068278975068e-13  8.027342513353e-14  2.218594193848e-13  8.823843703856e-13  8.053421928359e-13 
487  4  23  35.000000   0.900000   0.898098   0.019710   0.065273   0.068184   0.313414   0.320745   5.462665857066e-13  1.712077145732e-13  3.724689081833e-14  1.752124778805e-13  5.717984750815e-13  5.419741868144e-13 
508  4  24  35.000000   0.940000   0.937883   0.021708   0.065273   0.068789   0.353944   0.360566   4.639837403214e-13  1.642240520863e-13  3.191679277358e-14  1.672968049444e-13  3.601941512667e-13  3.607939672540e-13 
529  4  25  35.000000   0.980000   0.977679   0.014183   0.037687   0.040268   0.500124   0.501743   4.208587708554e-13  2.104816638531e-13  1.694693148159e-14  2.111628028442e-13  2.187128108680e-13  2.356016637092e-13 
550  4  26  35.000000   1.020000   1.017326   0.028532   0.053347   0.060498   0.611531   0.614516   2.824992497377e-13  1.727570926513e-13  1.709053184131e-14  1.736004013242e-13  1.271103855993e-13  1.524312783479e-13 
571  4  27  35.000000   1.060000   1.056876   0.125434   0.053245   0.136267   0.537129   0.554145   3.974408539289e-13  2.134772017093e-13  5.415807742732e-14  2.202398987474e-13  6.948410921446e-14  9.618698210148e-14 
592  4  28  35.000000   1.100000   1.097022   nan   nan   nan   nan   nan   nan  nan  nan  nan  3.578773571652e-14  5.936156531294e-14 
613  4  29  35.000000   1.140000   1.136492   0.000000   0.065273   0.065273   0.515950   0.520063   6.059952912535e-13  3.126634124573e-13  3.955543325719e-14  3.151555834657e-13  1.675455594687e-14  3.566516293277e-14 
634  4  30  35.000000   1.180000   1.172058   0.000000   0.037757   0.037757   1.000283   1.000995   1.712309508561e-12  1.712793260871e-12  6.465158780301e-14  1.714013005286e-12  7.202970660059e-15  2.198019191136e-14 
26  5  1  45.000000   0.020000   0.031473   0.020649   0.036611   0.042033   0.213313   0.217414   7.980768774655e-07  1.702398193283e-07  3.354558127090e-08  1.735134061326e-07  6.733767158260e-07  6.535600114001e-07 
47  5  2  45.000000   0.060000   0.062411   0.018703   0.036611   0.041112   0.061991   0.074385   1.736842915661e-07  1.076693496251e-08  7.140531033615e-09  1.291952289866e-08  1.920444866391e-07  1.877199137468e-07 
68  5  3  45.000000   0.100000   0.099207   0.027858   0.036611   0.046005   0.045831   0.064938   3.338286996381e-08  1.529983163224e-09  1.535772672135e-09  2.167820606098e-09  3.999496231512e-08  3.691480689908e-08 
89  5  4  45.000000   0.140000   0.138440   0.037393   0.036611   0.052332   0.056375   0.076920   8.874831457274e-09  5.003167107448e-10  4.644366963541e-10  6.826552980610e-10  9.564731962262e-09  8.666289566981e-09 
110  5  5  45.000000   0.180000   0.178375   0.042448   0.036611   0.056055   0.085664   0.102374   2.721981689204e-09  2.331757431846e-10  1.525817190230e-10  2.786612785977e-10  2.885568655685e-09  2.534408495113e-09 
131  5  6  45.000000   0.220000   0.218252   0.043581   0.036611   0.056918   0.167494   0.176901   6.840073385625e-10  1.145668776201e-10  3.893263297368e-11  1.210013196535e-10  1.016882653056e-09  8.962883497302e-10 
152  5  7  45.000000   0.260000   0.257816   0.041048   0.036611   0.055003   0.243106   0.249251   3.688151401094e-10  8.966132522933e-11  2.028593144001e-11  9.192753807357e-11  4.124071861621e-10  3.790653629894e-10 
173  5  8  45.000000   0.300000   0.297900   0.034932   0.036611   0.050603   0.500297   0.502849   1.028388449865e-10  5.144994380190e-11  5.203904632574e-12  5.171244860422e-11  1.917639770257e-10  1.866521743787e-10 
194  5  9  45.000000   0.340000   0.337974   0.028495   0.036611   0.046393   0.577625   0.579485   9.512744551574e-11  5.494801781281e-11  4.413280108711e-12  5.512496442516e-11  1.020240510150e-10  1.060365976053e-10 
215  5  10  45.000000   0.380000   0.378275   0.022521   0.036611   0.042983   1.000193   1.001116   4.033909611555e-11  4.034687979301e-11  1.733913697373e-12  4.038412021750e-11  6.100223494970e-11  6.721122826947e-11 
236  5  11  45.000000   0.420000   0.426548   0.008748   0.037400   0.038410   1.536901   1.537381   2.561163842300e-09  3.936254508654e-09  9.837336637792e-11  3.937483571535e-09  3.650146261045e-11  3.970719009810e-11 
257  5  12  45.000000   0.460000   0.463456   0.018289   0.052337   0.055440   0.744410   0.746472   4.766604356152e-11  3.548310257594e-11  2.642618268644e-12  3.558137152680e-11  2.638650265963e-11  2.949935422600e-11 
278  5  13  45.000000   0.500000   0.501495   0.012153   0.053022   0.054397   0.398636   0.402330   1.322397340090e-11  5.271548247016e-12  7.193454757686e-13  5.320402130866e-12  1.942451282142e-11  2.222251453733e-11 
299  5  14  45.000000   0.540000   0.546284   0.012541   0.053022   0.054485   0.258632   0.264308   8.976062809394e-12  2.321493678333e-12  4.890611391126e-13  2.372448881711e-12  1.377878551818e-11  1.514107045445e-11 
320  5  15  45.000000   0.580000   0.582744   0.015906   0.065051   0.066967   0.225606   0.235336   5.692837939486e-12  1.284340132433e-12  3.812341644496e-13  1.339727234895e-12  1.026691059965e-11  1.167354968460e-11 
341  5  16  45.000000   0.620000   0.621050   0.016915   0.065092   0.067253   0.192052   0.203487   5.213155474626e-12  1.001196074082e-12  3.506026463540e-13  1.060809028236e-12  7.603153172567e-12  8.865029463948e-12 
362  5  17  45.000000   0.660000   0.659422   0.023726   0.084095   0.087378   0.195486   0.214125   3.069068915425e-12  5.999591219801e-13  2.681689230499e-13  6.571647581367e-13  5.549817608594e-12  6.741380156270e-12 
383  5  18  45.000000   0.700000   0.696996   0.025607   0.084095   0.087907   0.138460   0.164008   4.336726575127e-12  6.004615134247e-13  3.812294641887e-13  7.112593995652e-13  3.928054211391e-12  4.711315371813e-12 
404  5  19  45.000000   0.740000   0.739832   0.027425   0.084095   0.088454   0.164492   0.186766   2.326556284767e-12  3.826995356561e-13  2.057927900784e-13  4.345222745035e-13  2.779047672740e-12  3.465683462564e-12 
425  5  20  45.000000   0.780000   0.779405   0.029867   0.084095   0.089241   0.150171   0.174686   2.322909159466e-12  3.488336549868e-13  2.072993073563e-13  4.057806324627e-13  1.932695523096e-12  2.528230586098e-12 
446  5  21  45.000000   0.820000   0.819129   0.032510   0.084095   0.090160   0.154622   0.178988   1.951790409164e-12  3.017898279517e-13  1.759741311873e-13  3.493479570603e-13  1.315589261132e-12  1.819157465881e-12 
467  5  22  45.000000   0.860000   0.858869   0.034957   0.084095   0.091071   0.205077   0.224390   1.064677262021e-12  2.183410803297e-13  9.696159139651e-14  2.389024436160e-13  8.765607399034e-13  1.293015826853e-12 
488  5  23  45.000000   0.900000   0.898569   0.038537   0.084095   0.092504   0.174482   0.197487   1.469363160388e-12  2.563778830030e-13  1.359226308450e-13  2.901802551328e-13  5.662444914659e-13  9.085351244283e-13 
509  5  24  45.000000   0.940000   0.938346   0.038341   0.075321   0.084518   0.231425   0.246375   9.559479335025e-13  2.212303906786e-13  8.079463435074e-14  2.355220981133e-13  3.547634960842e-13  6.277184480551e-13 
530  5  25  45.000000   0.980000   0.978177   0.041403   0.075142   0.085794   0.196867   0.214749   1.481300108138e-12  2.916188941151e-13  1.270866220388e-13  3.181078259115e-13  2.136792728855e-13  4.290036328946e-13 
551  5  26  45.000000   1.020000   1.017957   0.064943   0.084095   0.106252   0.252189   0.273658   9.070792346453e-13  2.287555317255e-13  9.637930881301e-14  2.482298621486e-13  1.248696239073e-13  2.899516014599e-13 
572  5  27  45.000000   1.060000   1.057689   0.217112   0.065051   0.226648   0.437322   0.492565   nan  2.327606407772e-13  1.206313420368e-13  2.621629962001e-13  6.938494617525e-14  1.957871621755e-13 
593  5  28  45.000000   1.100000   1.097505   0.000000   0.084095   0.084095   0.330418   0.340951   nan  2.562738147769e-13  6.522453922053e-14  2.644437722028e-13  3.505838751035e-14  1.280912720302e-13 
614  5  29  45.000000   1.140000   1.137054   0.000000   0.075229   0.075229   0.366237   0.373883   nan  2.917254649609e-13  5.992350772702e-14  2.978163422060e-13  1.583515812371e-14  8.019827637248e-14 
635  5  30  45.000000   1.180000   1.173010   0.000000   0.053245   0.053245   0.553146   0.555703   nan  3.217920354734e-13  3.097528289612e-14  3.232794182199e-13  7.600323054171e-15  5.223838686229e-14 
27  6  1  55.000000   0.020000   0.031717   0.006511   0.036611   0.037186   0.213571   0.216784   6.759794980927e-07  1.443694455475e-07  2.513681764687e-08  1.465414494575e-07  6.885624065994e-07  6.607996302023e-07 
48  6  2  55.000000   0.060000   0.062179   0.007719   0.036611   0.037416   0.064802   0.074829   1.818468850052e-07  1.178409716573e-08  6.804023605788e-09  1.360733931522e-08  2.094226630500e-07  2.026574344838e-07 
69  6  3  55.000000   0.100000   0.099276   0.005769   0.036611   0.037063   0.047224   0.060031   3.755551581917e-08  1.773511838700e-09  1.391920741626e-09  2.254503846299e-09  4.304618866119e-08  3.986252549663e-08 
90  6  4  55.000000   0.140000   0.138326   0.016736   0.036611   0.040255   0.058609   0.071102   9.209515018086e-09  5.397620183559e-10  3.707292999724e-10  6.548154322537e-10  1.039956742925e-08  9.275676449788e-09 
111  6  5  55.000000   0.180000   0.178549   0.023465   0.036611   0.043486   0.092422   0.102142   2.614542785400e-09  2.416424229314e-10  1.136947465105e-10  2.670534701970e-10  3.064658225961e-09  2.587121421567e-09 
132  6  6  55.000000   0.220000   0.218425   0.025940   0.036611   0.044869   0.142444   0.149343   9.177058513214e-10  1.307213585789e-10  4.117677343656e-11  1.370532752595e-10  1.065313840507e-09  8.734002956078e-10 
153  6  7  55.000000   0.260000   0.258683   0.023999   0.036611   0.043776   0.219920   0.224235   3.500841668105e-10  7.699065339933e-11  1.532521912068e-11  7.850110223400e-11  4.173071170705e-10  3.513938515141e-10 
174  6  8  55.000000   0.300000   0.298811   0.020242   0.036611   0.041835   0.333947   0.336557   1.567881805673e-10  5.235887181326e-11  6.559192288076e-12  5.276811974127e-11  1.873026806785e-10  1.748233687331e-10 
195  6  9  55.000000   0.340000   0.338861   0.016658   0.036611   0.040223   0.707321   0.708464   4.019314938027e-11  2.842946851664e-11  1.616685533249e-12  2.847539907099e-11  9.922079710781e-11  1.086159989386e-10 
216  6  10  55.000000   0.380000   0.379081   nan   nan   nan   nan   nan   nan  nan  nan  nan  6.023131117265e-11  7.660368238309e-11 
237  6  11  55.000000   0.420000   0.419002   0.010700   0.036611   0.038143   1.000164   1.000891   2.695683819354e-11  2.696125222786e-11  1.028211003098e-12  2.698085134982e-11  3.983916915365e-11  5.766597175419e-11 
258  6  12  55.000000   0.460000   0.467209   0.009190   0.036611   0.037747   0.707376   0.708382   6.731225957170e-11  4.761507798318e-11  2.540849477394e-12  4.768282256129e-11  2.572522389067e-11  3.625257212045e-11 
279  6  13  55.000000   0.500000   0.503668   nan   nan   nan   nan   nan   nan  nan  nan  nan  1.905155680696e-11  2.867718102195e-11 
300  6  14  55.000000   0.540000   0.541720   nan   nan   nan   nan   nan   nan  nan  nan  nan  1.416930957397e-11  2.249679577079e-11 
321  6  15  55.000000   0.580000   0.580031   0.016984   0.053022   0.055676   0.503920   0.506986   3.624442474346e-11  1.826429518983e-11  2.017935087740e-12  1.837543307788e-11  1.049549856365e-11  1.758532026485e-11 
342  6  16  55.000000   0.620000   0.624813   0.017713   0.053022   0.055903   0.596048   0.598663   1.008758808513e-11  6.012682262884e-12  5.639226014301e-13  6.039069191092e-12  7.382929739362e-12  1.207357294621e-11 
363  6  17  55.000000   0.660000   0.661084   0.018860   0.053022   0.056276   0.380213   0.384355   1.456407058278e-11  5.537447133937e-12  8.196128841954e-13  5.597775097402e-12  5.445357920819e-12  9.470656508794e-12 
384  6  18  55.000000   0.700000   0.697013   0.020148   0.053022   0.056721   0.452447   0.455989   7.673793202574e-12  3.471987239643e-12  4.352652297538e-13  3.499164359168e-12  3.882825309455e-12  7.545990801093e-12 
405  6  19  55.000000   0.740000   0.740431   0.021244   0.053022   0.057120   0.334669   0.339509   1.174620028199e-11  3.931090716449e-12  6.709388202593e-13  3.987935947515e-12  2.749782905874e-12  5.007310068303e-12 
426  6  20  55.000000   0.780000   0.779733   0.022823   0.053022   0.057725   0.601720   0.604482   3.582519261433e-12  2.155673076609e-12  2.068017654769e-13  2.165569990423e-12  1.926280956499e-12  3.763944715649e-12 
447  6  21  55.000000   0.820000   0.818995   0.024520   0.053022   0.058417   0.710224   0.712623   2.964453821898e-12  2.105427229129e-12  1.731752348808e-13  2.112537213668e-12  1.306953803959e-12  2.814170744792e-12 
468  6  22  55.000000   0.860000   0.858469   0.018185   0.037584   0.041753   0.578819   0.580323   1.251853093668e-11  7.245968489214e-12  5.226816780987e-13  7.264795625708e-12  8.693199280822e-13  2.080553611507e-12 
489  6  23  55.000000   0.900000   0.897297   0.019575   0.037400   0.042213   0.502281   0.504052   1.959052398322e-11  9.839943890929e-12  8.269755829386e-13  9.874633380101e-12  5.617783878355e-13  1.531576919589e-12 
510  6  24  55.000000   0.940000   0.936886   0.021247   0.037584   0.043174   1.001748   1.002678   8.815687004443e-12  8.831098299956e-12  3.806088932232e-13  8.839296369796e-12  3.565885523509e-13  1.110124374843e-12 
531  6  25  55.000000   0.980000   0.976838   nan   nan   nan   nan   nan   nan  nan  nan  nan  2.169208849565e-13  7.876817427129e-13 
552  6  26  55.000000   1.020000   1.015170   nan   nan   nan   nan   nan   nan  nan  nan  nan  1.265088928890e-13  5.544083142923e-13 
573  6  27  55.000000   1.060000   1.056004   nan   nan   nan   nan   nan   nan  nan  nan  nan  7.048558231363e-14  3.630705226246e-13 
594  6  28  55.000000   1.100000   1.092107   nan   nan   nan   nan   nan   nan  nan  nan  nan  nan  2.203321072242e-13 
615  6  29  55.000000   1.140000   1.132664   nan   nan   nan   nan   nan   nan  nan  nan  nan  nan  1.230692213862e-13 
636  6  30  55.000000   1.180000   1.172577   nan   nan   nan   nan   nan   nan  nan  nan  nan  nan  nan 
28  7  1  65.000000   0.020000   0.031158   0.020047   0.036611   0.041740   0.250522   0.253976   6.903704750261e-07  1.729530410753e-07  2.881631034959e-08  1.753372012990e-07  7.125980471652e-07  6.811671223400e-07 
49  7  2  65.000000   0.060000   0.061567   0.027795   0.036611   0.045967   0.074707   0.087716   1.804902133125e-07  1.348395708228e-08  8.296582998970e-09  1.583194201782e-08  2.293393621959e-07  2.195553710243e-07 
70  7  3  65.000000   0.100000   0.098469   0.023331   0.036611   0.043413   0.052256   0.067937   3.841152288690e-08  2.007219486639e-09  1.667573586905e-09  2.609546270003e-09  4.643359646232e-08  4.290967296601e-08 
91  7  4  65.000000   0.140000   0.137522   0.012461   0.036611   0.038674   0.063870   0.074666   9.247146352150e-09  5.906174322889e-10  3.576210081538e-10  6.904503869189e-10  1.106002464158e-08  9.449348498023e-09 
112  7  5  65.000000   0.180000   0.177716   0.003754   0.036611   0.036803   0.098531   0.105180   2.468272979590e-09  2.432018438135e-10  9.084060806469e-11  2.596134682713e-10  3.110863098786e-09  2.394001774888e-09 
133  7  6  65.000000   0.220000   0.217850   0.004586   0.036611   0.036897   0.173332   0.177216   6.317049891089e-10  1.094945808507e-10  2.330828466340e-11  1.119479315111e-10  9.948444466529e-10  7.087615104023e-10 
154  7  7  65.000000   0.260000   0.258873   0.006714   0.036611   0.037222   0.241942   0.244789   2.868530155268e-10  6.940190897015e-11  1.067718307048e-11  7.021842498249e-11  4.075744658332e-10  2.845574296161e-10 
175  7  8  65.000000   0.300000   0.299371   0.006594   0.036611   0.037200   0.323843   0.325972   1.450707003499e-10  4.698008094563e-11  5.396684681543e-12  4.728902844434e-11  1.909916196283e-10  1.535071637234e-10 
196  7  9  65.000000   0.340000   0.339830   0.005601   0.036611   0.037037   0.334184   0.336231   1.434238528982e-10  4.793001204518e-11  5.312029449502e-12  4.822347676727e-11  1.007624479021e-10  1.055036550659e-10 
217  7  10  65.000000   0.380000   0.379859   0.004479   0.036611   0.036884   0.408748   0.410409   1.018694398091e-10  4.163896644296e-11  3.757380088626e-12  4.180815030073e-11  6.028735937572e-11  8.425026363494e-11 
238  7  11  65.000000   0.420000   0.419719   0.003596   0.036611   0.036787   1.000245   1.000921   1.817244605831e-11  1.817689070513e-11  6.685179819885e-13  1.818918008043e-11  3.953471456478e-11  7.166522882560e-11 
259  7  12  65.000000   0.460000   0.459623   0.002926   0.036611   0.036728   0.707306   0.708259   4.245569740086e-11  3.002917335146e-11  1.559315904013e-12  3.006963116270e-11  2.758504187628e-11  6.185435245857e-11 
280  7  13  65.000000   0.500000   0.499139   0.002462   0.036611   0.036694   0.500345   0.501689   1.027179841664e-10  5.139440921197e-11  3.769135149821e-12  5.153243326319e-11  1.992516297973e-11  5.292845550152e-11 
301  7  14  65.000000   0.540000   0.538416   0.002191   0.036611   0.036677   1.000230   1.000903   3.383406120119e-11  3.384185576604e-11  1.240925012971e-12  3.386459945987e-11  1.463393339474e-11  4.443372569792e-11 
322  7  15  65.000000   0.580000   0.577658   0.002103   0.036611   0.036672   1.000377   1.001049   4.858549997986e-11  4.860382965330e-11  1.781712308042e-12  4.863647556840e-11  1.078659102248e-11  3.611582955597e-11 
343  7  16  65.000000   0.620000   0.616164   nan   nan   nan   nan   nan   nan  nan  nan  nan  7.939186545236e-12  2.790394394050e-11 
364  7  17  65.000000   0.660000   0.654701   nan   nan   nan   nan   nan   nan  nan  nan  nan  5.796634686667e-12  1.938353880640e-11 
385  7  18  65.000000   0.700000   0.693899   nan   nan   nan   nan   nan   nan  nan  nan  nan  4.186703100361e-12  1.188567330642e-11 
406  7  19  65.000000   0.740000   0.730680   nan   nan   nan   nan   nan   nan  nan  nan  nan  3.000947440538e-12  7.352271884843e-12 
427  7  20  65.000000   0.780000   0.761703   nan   nan   nan   nan   nan   nan  nan  nan  nan  nan  nan 
448  7  21  65.000000   0.820000   nan   nan   nan   nan   nan   nan   nan  nan  nan  nan  nan  nan 
469  7  22  65.000000   0.860000   nan   nan   nan   nan   nan   nan   nan  nan  nan  nan  nan  nan 
490  7  23  65.000000   0.900000   nan   nan   nan   nan   nan   nan   nan  nan  nan  nan  nan  nan 
511  7  24  65.000000   0.940000   nan   nan   nan   nan   nan   nan   nan  nan  nan  nan  nan  nan 
532  7  25  65.000000   0.980000   nan   nan   nan   nan   nan   nan   nan  nan  nan  nan  nan  nan 
553  7  26  65.000000   1.020000   nan   nan   nan   nan   nan   nan   nan  nan  nan  nan  nan  nan 
574  7  27  65.000000   1.060000   nan   nan   nan   nan   nan   nan   nan  nan  nan  nan  nan  nan 
595  7  28  65.000000   1.100000   nan   nan   nan   nan   nan   nan   nan  nan  nan  nan  nan  nan 
616  7  29  65.000000   1.140000   nan   nan   nan   nan   nan   nan   nan  nan  nan  nan  nan  nan 
637  7  30  65.000000   1.180000   nan   nan   nan   nan   nan   nan   nan  nan  nan  nan  nan  nan 
29  8  1  75.000000   0.020000   0.032054   0.047245   0.036611   0.059770   0.292989   0.299024   6.344212947855e-07  1.858785826895e-07  3.791953422458e-08  1.897069808375e-07  7.162669212015e-07  6.649771455431e-07 
50  8  2  75.000000   0.060000   0.061312   0.055951   0.036611   0.066865   0.088321   0.110776   1.807587090145e-07  1.596470556499e-08  1.208635121642e-08  2.002377860204e-08  2.342029812879e-07  2.286716436814e-07 
71  8  3  75.000000   0.100000   0.097880   0.045819   0.036611   0.058650   0.063413   0.086377   3.497847336980e-08  2.218091563538e-09  2.051479386106e-09  3.021340407147e-09  4.821334685327e-08  4.441873299964e-08 
92  8  4  75.000000   0.140000   0.137151   0.035512   0.036611   0.051005   0.074303   0.090124   8.370257721483e-09  6.219320437147e-10  4.269224571773e-10  7.543621487333e-10  1.069943405175e-08  9.015900509120e-09 
113  8  5  75.000000   0.180000   0.176925   0.025788   0.036611   0.044782   0.108335   0.117226   2.250855759097e-09  2.438470288019e-10  1.007969215784e-10  2.638586607546e-10  2.940086702722e-09  2.083812576972e-09 
134  8  6  75.000000   0.220000   0.217235   0.017531   0.036611   0.040592   0.176078   0.180696   6.884776296754e-10  1.212256043149e-10  2.794682261039e-11  1.244052733429e-10  1.021962314022e-09  5.894410295759e-10 
155  8  7  75.000000   0.260000   0.258085   0.012295   0.036611   0.038621   0.224244   0.227545   4.340831841305e-10  9.734047158042e-11  1.676463804870e-11  9.877358197617e-11  4.183885092633e-10  2.206332174269e-10 
176  8  8  75.000000   0.300000   0.299686   0.009174   0.036611   0.037743   0.350288   0.352315   1.625332143853e-10  5.693337405987e-11  6.134544395842e-12  5.726291746659e-11  1.926000512317e-10  1.242535803830e-10 
197  8  9  75.000000   0.340000   0.339653   0.007230   0.036611   0.037318   0.380127   0.381954   1.428283826423e-10  5.429291274060e-11  5.330131559356e-12  5.455392448118e-11  1.011018654931e-10  1.011701455867e-10 
218  8  10  75.000000   0.380000   0.379691   0.005839   0.036611   0.037074   0.356231   0.358155   1.843916360928e-10  6.568604277046e-11  6.836138883343e-12  6.604081321179e-11  6.039814196022e-11  9.136004640744e-11 
239  8  11  75.000000   0.420000   0.419340   0.004982   0.036611   0.036949   0.707384   0.708348   5.544727014190e-11  3.922248903820e-11  2.048708041924e-12  3.927595767124e-11  3.961160025336e-11  8.034892320927e-11 
260  8  12  75.000000   0.460000   0.458626   0.004682   0.036611   0.036909   1.000248   1.000929   3.371169032958e-11  3.372005942062e-11  1.244280490147e-12  3.374300877616e-11  2.764979846794e-11  6.664547178598e-11 
281  8  13  75.000000   0.500000   0.498117   0.004543   0.036611   0.036892   0.577939   0.579115   1.346833583464e-10  7.783874989683e-11  4.968748034789e-12  7.799717586256e-11  1.990760611269e-11  5.238164363664e-11 
302  8  14  75.000000   0.540000   0.537633   0.004822   0.036611   0.036928   1.000537   1.001218   6.469078883206e-11  6.472554497798e-11  2.388872027202e-12  6.476961388073e-11  1.461495915510e-11  3.900702479017e-11 
323  8  15  75.000000   0.580000   0.576881   0.005485   0.036611   0.037020   1.000923   1.001607   1.104381473634e-10  1.105400406399e-10  4.088416346630e-12  1.106156215590e-10  1.070321372750e-11  2.780286435448e-11 
344  8  16  75.000000   0.620000   0.615864   nan   nan   nan   nan   nan   nan  nan  nan  nan  7.788415662800e-12  1.907578349961e-11 
365  8  17  75.000000   0.660000   0.653612   nan   nan   nan   nan   nan   nan  nan  nan  nan  5.746252006650e-12  1.300546372586e-11 
386  8  18  75.000000   0.700000   0.693321   nan   nan   nan   nan   nan   nan  nan  nan  nan  4.142652919086e-12  8.391779092679e-12 
407  8  19  75.000000   0.740000   0.734930   nan   nan   nan   nan   nan   nan  nan  nan  nan  2.965158724383e-12  5.204601579516e-12 
428  8  20  75.000000   0.780000   nan   nan   nan   nan   nan   nan   nan  nan  nan  nan  nan  nan 
449  8  21  75.000000   0.820000   nan   nan   nan   nan   nan   nan   nan  nan  nan  nan  nan  nan 
470  8  22  75.000000   0.860000   nan   nan   nan   nan   nan   nan   nan  nan  nan  nan  nan  nan 
491  8  23  75.000000   0.900000   nan   nan   nan   nan   nan   nan   nan  nan  nan  nan  nan  nan 
512  8  24  75.000000   0.940000   nan   nan   nan   nan   nan   nan   nan  nan  nan  nan  nan  nan 
533  8  25  75.000000   0.980000   nan   nan   nan   nan   nan   nan   nan  nan  nan  nan  nan  nan 
554  8  26  75.000000   1.020000   nan   nan   nan   nan   nan   nan   nan  nan  nan  nan  nan  nan 
575  8  27  75.000000   1.060000   nan   nan   nan   nan   nan   nan   nan  nan  nan  nan  nan  nan 
596  8  28  75.000000   1.100000   nan   nan   nan   nan   nan   nan   nan  nan  nan  nan  nan  nan 
617  8  29  75.000000   1.140000   nan   nan   nan   nan   nan   nan   nan  nan  nan  nan  nan  nan 
638  8  30  75.000000   1.180000   nan   nan   nan   nan   nan   nan   nan  nan  nan  nan  nan  nan 
30  9  1  85.000000   0.020000   0.030713   0.062250   0.036611   0.072218   0.363755   0.370854   6.667331415598e-07  2.425273445694e-07  4.815022247731e-08  2.472609083307e-07  7.134035463641e-07  7.014246810971e-07 
51  9  2  85.000000   0.060000   0.061080   0.072454   0.036611   0.081178   0.115663   0.141308   1.520350616335e-07  1.758487709934e-08  1.234196384705e-08  2.148376070898e-08  2.398353210847e-07  2.357124310078e-07 
72  9  3  85.000000   0.100000   0.098387   0.060386   0.036611   0.070618   0.084526   0.110143   3.546979699412e-08  2.998116453453e-09  2.504794679406e-09  3.906750395718e-09  4.748598099317e-08  4.323182928535e-08 
93  9  4  85.000000   0.140000   0.137084   0.051988   0.036611   0.063586   0.098659   0.117375   8.187063135667e-09  8.077311789214e-10  5.205795481115e-10  9.609540693049e-10  1.077641086642e-08  8.885166282959e-09 
114  9  5  85.000000   0.180000   0.176686   0.043207   0.036611   0.056632   0.144223   0.154944   2.107779492424e-09  3.039906757185e-10  1.193679584391e-10  3.265869569130e-10  2.952796178827e-09  2.087333490814e-09 
135  9  6  85.000000   0.220000   0.216791   0.036454   0.036611   0.051665   0.225511   0.231354   6.966525188365e-10  1.571028614776e-10  3.599263839312e-11  1.611731339366e-10  1.023369956768e-09  5.905156985987e-10 
156  9  7  85.000000   0.260000   0.257164   0.029217   0.036611   0.046840   0.268919   0.272968   5.947180311714e-10  1.599310441879e-10  2.785676314360e-11  1.623389606591e-10  4.163894614357e-10  2.381476646445e-10 
177  9  8  85.000000   0.300000   0.297715   0.022014   0.036611   0.042720   0.707902   0.709190   1.275312659666e-10  9.027965002771e-11  5.448137156538e-12  9.044389093577e-11  1.926481551269e-10  1.380944524400e-10 
198  9  9  85.000000   0.340000   0.337714   0.016392   0.036611   0.040114   0.708571   0.709705   2.025724849759e-10  1.435369347077e-10  8.125905155885e-12  1.437667623614e-10  1.016166416063e-10  1.035377816394e-10 
219  9  10  85.000000   0.380000   0.377337   0.012539   0.036611   0.038699   1.001502   1.002249   2.014541453512e-10  2.017566924764e-10  7.796068298180e-12  2.019072599981e-10  6.087714713209e-11  8.367596242938e-11 
240  9  11  85.000000   0.420000   0.415198   nan   nan   nan   nan   nan   nan  nan  nan  nan  4.016243722959e-11  6.716431255064e-11 
261  9  12  85.000000   0.460000   0.452612   nan   nan   nan   nan   nan   nan  nan  nan  nan  2.868740842939e-11  5.187786133336e-11 
282  9  13  85.000000   0.500000   0.489415   nan   nan   nan   nan   nan   nan  nan  nan  nan  2.113487021899e-11  3.863885072606e-11 
303  9  14  85.000000   0.540000   nan   nan   nan   nan   nan   nan   nan  nan  nan  nan  nan  nan 
324  9  15  85.000000   0.580000   nan   nan   nan   nan   nan   nan   nan  nan  nan  nan  nan  nan 
345  9  16  85.000000   0.620000   nan   nan   nan   nan   nan   nan   nan  nan  nan  nan  nan  nan 
366  9  17  85.000000   0.660000   nan   nan   nan   nan   nan   nan   nan  nan  nan  nan  nan  nan 
387  9  18  85.000000   0.700000   nan   nan   nan   nan   nan   nan   nan  nan  nan  nan  nan  nan 
408  9  19  85.000000   0.740000   nan   nan   nan   nan   nan   nan   nan  nan  nan  nan  nan  nan 
429  9  20  85.000000   0.780000   nan   nan   nan   nan   nan   nan   nan  nan  nan  nan  nan  nan 
450  9  21  85.000000   0.820000   nan   nan   nan   nan   nan   nan   nan  nan  nan  nan  nan  nan 
471  9  22  85.000000   0.860000   nan   nan   nan   nan   nan   nan   nan  nan  nan  nan  nan  nan 
492  9  23  85.000000   0.900000   nan   nan   nan   nan   nan   nan   nan  nan  nan  nan  nan  nan 
513  9  24  85.000000   0.940000   nan   nan   nan   nan   nan   nan   nan  nan  nan  nan  nan  nan 
534  9  25  85.000000   0.980000   nan   nan   nan   nan   nan   nan   nan  nan  nan  nan  nan  nan 
555  9  26  85.000000   1.020000   nan   nan   nan   nan   nan   nan   nan  nan  nan  nan  nan  nan 
576  9  27  85.000000   1.060000   nan   nan   nan   nan   nan   nan   nan  nan  nan  nan  nan  nan 
597  9  28  85.000000   1.100000   nan   nan   nan   nan   nan   nan   nan  nan  nan  nan  nan  nan 
618  9  29  85.000000   1.140000   nan   nan   nan   nan   nan   nan   nan  nan  nan  nan  nan  nan 
639  9  30  85.000000   1.180000   nan   nan   nan   nan   nan   nan   nan  nan  nan  nan  nan  nan 
31  10  1  95.000000   0.020000   0.030483   0.062318   0.036611   0.072277   0.467988   0.473536   4.422906533216e-07  2.069867108717e-07  3.196729730251e-08  2.094406994218e-07  7.183800404278e-07  7.055177645130e-07 
52  10  2  95.000000   0.060000   0.059840   0.082730   0.036611   0.090469   0.168485   0.191238   2.134716874646e-07  3.596679963079e-08  1.931261593849e-08  4.082386324283e-08  2.600941923679e-07  2.505440474223e-07 
73  10  3  95.000000   0.100000   0.097829   0.071946   0.036611   0.080725   0.144854   0.165829   3.146142524788e-08  4.557325980544e-09  2.539736086828e-09  5.217229100172e-09  4.979258387436e-08  4.511682145389e-08 
94  10  4  95.000000   0.140000   0.136064   0.061710   0.036611   0.071753   0.179511   0.193320   1.062297941965e-08  1.906945407703e-09  7.622290637398e-10  2.053639192645e-09  1.168607324883e-08  9.887399477585e-09 
115  10  5  95.000000   0.180000   0.175239   0.052266   0.036611   0.063813   0.267700   0.275201   4.628621638124e-09  1.239082564480e-09  2.953666582727e-10  1.273800245100e-09  3.441321064065e-09  2.563764869246e-09 
136  10  6  95.000000   0.220000   0.213577   0.045481   0.036611   0.058386   0.460871   0.464554   4.306208922471e-09  1.984605148478e-09  2.514214493082e-10  2.000467530488e-09  1.187143472183e-09  8.348357109613e-10 
157  10  7  95.000000   0.260000   0.251449   nan   nan   nan   nan   nan   nan  nan  nan  nan  4.858712778175e-10  3.480975373091e-10 
178  10  8  95.000000   0.300000   0.287527   nan   nan   nan   nan   nan   nan  nan  nan  nan  2.130939877660e-10  1.905603923426e-10 
199  10  9  95.000000   0.340000   nan   nan   nan   nan   nan   nan   nan  nan  nan  nan  nan  nan 
220  10  10  95.000000   0.380000   nan   nan   nan   nan   nan   nan   nan  nan  nan  nan  nan  nan 
241  10  11  95.000000   0.420000   nan   nan   nan   nan   nan   nan   nan  nan  nan  nan  nan  nan 
262  10  12  95.000000   0.460000   nan   nan   nan   nan   nan   nan   nan  nan  nan  nan  nan  nan 
283  10  13  95.000000   0.500000   nan   nan   nan   nan   nan   nan   nan  nan  nan  nan  nan  nan 
304  10  14  95.000000   0.540000   nan   nan   nan   nan   nan   nan   nan  nan  nan  nan  nan  nan 
325  10  15  95.000000   0.580000   nan   nan   nan   nan   nan   nan   nan  nan  nan  nan  nan  nan 
346  10  16  95.000000   0.620000   nan   nan   nan   nan   nan   nan   nan  nan  nan  nan  nan  nan 
367  10  17  95.000000   0.660000   nan   nan   nan   nan   nan   nan   nan  nan  nan  nan  nan  nan 
388  10  18  95.000000   0.700000   nan   nan   nan   nan   nan   nan   nan  nan  nan  nan  nan  nan 
409  10  19  95.000000   0.740000   nan   nan   nan   nan   nan   nan   nan  nan  nan  nan  nan  nan 
430  10  20  95.000000   0.780000   nan   nan   nan   nan   nan   nan   nan  nan  nan  nan  nan  nan 
451  10  21  95.000000   0.820000   nan   nan   nan   nan   nan   nan   nan  nan  nan  nan  nan  nan 
472  10  22  95.000000   0.860000   nan   nan   nan   nan   nan   nan   nan  nan  nan  nan  nan  nan 
493  10  23  95.000000   0.900000   nan   nan   nan   nan   nan   nan   nan  nan  nan  nan  nan  nan 
514  10  24  95.000000   0.940000   nan   nan   nan   nan   nan   nan   nan  nan  nan  nan  nan  nan 
535  10  25  95.000000   0.980000   nan   nan   nan   nan   nan   nan   nan  nan  nan  nan  nan  nan 
556  10  26  95.000000   1.020000   nan   nan   nan   nan   nan   nan   nan  nan  nan  nan  nan  nan 
577  10  27  95.000000   1.060000   nan   nan   nan   nan   nan   nan   nan  nan  nan  nan  nan  nan 
598  10  28  95.000000   1.100000   nan   nan   nan   nan   nan   nan   nan  nan  nan  nan  nan  nan 
619  10  29  95.000000   1.140000   nan   nan   nan   nan   nan   nan   nan  nan  nan  nan  nan  nan 
640  10  30  95.000000   1.180000   nan   nan   nan   nan   nan   nan   nan  nan  nan  nan  nan  nan 
32  11  1  105.000000   0.020000   0.029324   0.073853   0.036611   0.082430   0.668239   0.673304   4.865674473872e-07  3.251432117909e-07  4.010759632535e-08  3.276075815006e-07  7.710718606910e-07  7.311145301197e-07 
53  11  2  105.000000   0.060000   0.059195   0.088476   0.036611   0.095751   0.326164   0.339929   2.074057993290e-07  6.764840053821e-08  1.985940946169e-08  7.050320729971e-08  2.713249034208e-07  2.530084064620e-07 
74  11  3  105.000000   0.100000   0.094350   0.080555   0.036611   0.088484   0.395226   0.405010   3.732609224480e-08  1.475222479152e-08  3.302775240853e-09  1.511742241889e-08  5.406693072676e-08  5.167194152315e-08 
95  11  4  105.000000   0.140000   0.130814   0.068262   0.036611   0.077460   0.713336   0.717529   2.826569068196e-08  2.016293571205e-08  2.189463266478e-09  2.028146261796e-08  1.400012599689e-08  1.223455864035e-08 
116  11  5  105.000000   0.180000   0.164064   nan   nan   nan   nan   nan   nan  nan  nan  nan  4.314835844555e-09  3.851527410745e-09 
137  11  6  105.000000   0.220000   nan   nan   nan   nan   nan   nan   nan  nan  nan  nan  nan  nan 
158  11  7  105.000000   0.260000   nan   nan   nan   nan   nan   nan   nan  nan  nan  nan  nan  nan 
179  11  8  105.000000   0.300000   nan   nan   nan   nan   nan   nan   nan  nan  nan  nan  nan  nan 
200  11  9  105.000000   0.340000   nan   nan   nan   nan   nan   nan   nan  nan  nan  nan  nan  nan 
221  11  10  105.000000   0.380000   nan   nan   nan   nan   nan   nan   nan  nan  nan  nan  nan  nan 
242  11  11  105.000000   0.420000   nan   nan   nan   nan   nan   nan   nan  nan  nan  nan  nan  nan 
263  11  12  105.000000   0.460000   nan   nan   nan   nan   nan   nan   nan  nan  nan  nan  nan  nan 
284  11  13  105.000000   0.500000   nan   nan   nan   nan   nan   nan   nan  nan  nan  nan  nan  nan 
305  11  14  105.000000   0.540000   nan   nan   nan   nan   nan   nan   nan  nan  nan  nan  nan  nan 
326  11  15  105.000000   0.580000   nan   nan   nan   nan   nan   nan   nan  nan  nan  nan  nan  nan 
347  11  16  105.000000   0.620000   nan   nan   nan   nan   nan   nan   nan  nan  nan  nan  nan  nan 
368  11  17  105.000000   0.660000   nan   nan   nan   nan   nan   nan   nan  nan  nan  nan  nan  nan 
389  11  18  105.000000   0.700000   nan   nan   nan   nan   nan   nan   nan  nan  nan  nan  nan  nan 
410  11  19  105.000000   0.740000   nan   nan   nan   nan   nan   nan   nan  nan  nan  nan  nan  nan 
431  11  20  105.000000   0.780000   nan   nan   nan   nan   nan   nan   nan  nan  nan  nan  nan  nan 
452  11  21  105.000000   0.820000   nan   nan   nan   nan   nan   nan   nan  nan  nan  nan  nan  nan 
473  11  22  105.000000   0.860000   nan   nan   nan   nan   nan   nan   nan  nan  nan  nan  nan  nan 
494  11  23  105.000000   0.900000   nan   nan   nan   nan   nan   nan   nan  nan  nan  nan  nan  nan 
515  11  24  105.000000   0.940000   nan   nan   nan   nan   nan   nan   nan  nan  nan  nan  nan  nan 
536  11  25  105.000000   0.980000   nan   nan   nan   nan   nan   nan   nan  nan  nan  nan  nan  nan 
557  11  26  105.000000   1.020000   nan   nan   nan   nan   nan   nan   nan  nan  nan  nan  nan  nan 
578  11  27  105.000000   1.060000   nan   nan   nan   nan   nan   nan   nan  nan  nan  nan  nan  nan 
599  11  28  105.000000   1.100000   nan   nan   nan   nan   nan   nan   nan  nan  nan  nan  nan  nan 
620  11  29  105.000000   1.140000   nan   nan   nan   nan   nan   nan   nan  nan  nan  nan  nan  nan 
641  11  30  105.000000   1.180000   nan   nan   nan   nan   nan   nan   nan  nan  nan  nan  nan  nan 
33  12  1  115.000000   0.020000   0.027695   nan   nan   nan   nan   nan   nan  nan  nan  nan  8.735140921960e-07  7.683202615304e-07 
54  12  2  115.000000   0.060000   0.056884   0.094037   0.036611   0.100912   0.931265   0.936716   2.042544860403e-07  1.902150018560e-07  2.061176747830e-08  1.913284921010e-07  2.652023730726e-07  2.658918027568e-07 
75  12  3  115.000000   0.100000   0.087370   nan   nan   nan   nan   nan   nan  nan  nan  nan  6.227352286812e-08  6.165995422816e-08 
96  12  4  115.000000   0.140000   nan   nan   nan   nan   nan   nan   nan  nan  nan  nan  nan  nan 
117  12  5  115.000000   0.180000   nan   nan   nan   nan   nan   nan   nan  nan  nan  nan  nan  nan 
138  12  6  115.000000   0.220000   nan   nan   nan   nan   nan   nan   nan  nan  nan  nan  nan  nan 
159  12  7  115.000000   0.260000   nan   nan   nan   nan   nan   nan   nan  nan  nan  nan  nan  nan 
180  12  8  115.000000   0.300000   nan   nan   nan   nan   nan   nan   nan  nan  nan  nan  nan  nan 
201  12  9  115.000000   0.340000   nan   nan   nan   nan   nan   nan   nan  nan  nan  nan  nan  nan 
222  12  10  115.000000   0.380000   nan   nan   nan   nan   nan   nan   nan  nan  nan  nan  nan  nan 
243  12  11  115.000000   0.420000   nan   nan   nan   nan   nan   nan   nan  nan  nan  nan  nan  nan 
264  12  12  115.000000   0.460000   nan   nan   nan   nan   nan   nan   nan  nan  nan  nan  nan  nan 
285  12  13  115.000000   0.500000   nan   nan   nan   nan   nan   nan   nan  nan  nan  nan  nan  nan 
306  12  14  115.000000   0.540000   nan   nan   nan   nan   nan   nan   nan  nan  nan  nan  nan  nan 
327  12  15  115.000000   0.580000   nan   nan   nan   nan   nan   nan   nan  nan  nan  nan  nan  nan 
348  12  16  115.000000   0.620000   nan   nan   nan   nan   nan   nan   nan  nan  nan  nan  nan  nan 
369  12  17  115.000000   0.660000   nan   nan   nan   nan   nan   nan   nan  nan  nan  nan  nan  nan 
390  12  18  115.000000   0.700000   nan   nan   nan   nan   nan   nan   nan  nan  nan  nan  nan  nan 
411  12  19  115.000000   0.740000   nan   nan   nan   nan   nan   nan   nan  nan  nan  nan  nan  nan 
432  12  20  115.000000   0.780000   nan   nan   nan   nan   nan   nan   nan  nan  nan  nan  nan  nan 
453  12  21  115.000000   0.820000   nan   nan   nan   nan   nan   nan   nan  nan  nan  nan  nan  nan 
474  12  22  115.000000   0.860000   nan   nan   nan   nan   nan   nan   nan  nan  nan  nan  nan  nan 
495  12  23  115.000000   0.900000   nan   nan   nan   nan   nan   nan   nan  nan  nan  nan  nan  nan 
516  12  24  115.000000   0.940000   nan   nan   nan   nan   nan   nan   nan  nan  nan  nan  nan  nan 
537  12  25  115.000000   0.980000   nan   nan   nan   nan   nan   nan   nan  nan  nan  nan  nan  nan 
558  12  26  115.000000   1.020000   nan   nan   nan   nan   nan   nan   nan  nan  nan  nan  nan  nan 
579  12  27  115.000000   1.060000   nan   nan   nan   nan   nan   nan   nan  nan  nan  nan  nan  nan 
600  12  28  115.000000   1.100000   nan   nan   nan   nan   nan   nan   nan  nan  nan  nan  nan  nan 
621  12  29  115.000000   1.140000   nan   nan   nan   nan   nan   nan   nan  nan  nan  nan  nan  nan 
642  12  30  115.000000   1.180000   nan   nan   nan   nan   nan   nan   nan  nan  nan  nan  nan  nan 
34  13  1  125.000000   0.020000   0.024378   nan   nan   nan   nan   nan   nan  nan  nan  nan  8.439949356574e-07  8.450606484112e-07 
55  13  2  125.000000   0.060000   nan   nan   nan   nan   nan   nan   nan  nan  nan  nan  nan  nan 
76  13  3  125.000000   0.100000   nan   nan   nan   nan   nan   nan   nan  nan  nan  nan  nan  nan 
97  13  4  125.000000   0.140000   nan   nan   nan   nan   nan   nan   nan  nan  nan  nan  nan  nan 
118  13  5  125.000000   0.180000   nan   nan   nan   nan   nan   nan   nan  nan  nan  nan  nan  nan 
139  13  6  125.000000   0.220000   nan   nan   nan   nan   nan   nan   nan  nan  nan  nan  nan  nan 
160  13  7  125.000000   0.260000   nan   nan   nan   nan   nan   nan   nan  nan  nan  nan  nan  nan 
181  13  8  125.000000   0.300000   nan   nan   nan   nan   nan   nan   nan  nan  nan  nan  nan  nan 
202  13  9  125.000000   0.340000   nan   nan   nan   nan   nan   nan   nan  nan  nan  nan  nan  nan 
223  13  10  125.000000   0.380000   nan   nan   nan   nan   nan   nan   nan  nan  nan  nan  nan  nan 
244  13  11  125.000000   0.420000   nan   nan   nan   nan   nan   nan   nan  nan  nan  nan  nan  nan 
265  13  12  125.000000   0.460000   nan   nan   nan   nan   nan   nan   nan  nan  nan  nan  nan  nan 
286  13  13  125.000000   0.500000   nan   nan   nan   nan   nan   nan   nan  nan  nan  nan  nan  nan 
307  13  14  125.000000   0.540000   nan   nan   nan   nan   nan   nan   nan  nan  nan  nan  nan  nan 
328  13  15  125.000000   0.580000   nan   nan   nan   nan   nan   nan   nan  nan  nan  nan  nan  nan 
349  13  16  125.000000   0.620000   nan   nan   nan   nan   nan   nan   nan  nan  nan  nan  nan  nan 
370  13  17  125.000000   0.660000   nan   nan   nan   nan   nan   nan   nan  nan  nan  nan  nan  nan 
391  13  18  125.000000   0.700000   nan   nan   nan   nan   nan   nan   nan  nan  nan  nan  nan  nan 
412  13  19  125.000000   0.740000   nan   nan   nan   nan   nan   nan   nan  nan  nan  nan  nan  nan 
433  13  20  125.000000   0.780000   nan   nan   nan   nan   nan   nan   nan  nan  nan  nan  nan  nan 
454  13  21  125.000000   0.820000   nan   nan   nan   nan   nan   nan   nan  nan  nan  nan  nan  nan 
475  13  22  125.000000   0.860000   nan   nan   nan   nan   nan   nan   nan  nan  nan  nan  nan  nan 
496  13  23  125.000000   0.900000   nan   nan   nan   nan   nan   nan   nan  nan  nan  nan  nan  nan 
517  13  24  125.000000   0.940000   nan   nan   nan   nan   nan   nan   nan  nan  nan  nan  nan  nan 
538  13  25  125.000000   0.980000   nan   nan   nan   nan   nan   nan   nan  nan  nan  nan  nan  nan 
559  13  26  125.000000   1.020000   nan   nan   nan   nan   nan   nan   nan  nan  nan  nan  nan  nan 
580  13  27  125.000000   1.060000   nan   nan   nan   nan   nan   nan   nan  nan  nan  nan  nan  nan 
601  13  28  125.000000   1.100000   nan   nan   nan   nan   nan   nan   nan  nan  nan  nan  nan  nan 
622  13  29  125.000000   1.140000   nan   nan   nan   nan   nan   nan   nan  nan  nan  nan  nan  nan 
643  13  30  125.000000   1.180000   nan   nan   nan   nan   nan   nan   nan  nan  nan  nan  nan  nan 
35  14  1  135.000000   0.020000   0.024690   nan   nan   nan   nan   nan   nan  nan  nan  nan  9.066714260686e-07  8.287973919682e-07 
56  14  2  135.000000   0.060000   nan   nan   nan   nan   nan   nan   nan  nan  nan  nan  nan  nan 
77  14  3  135.000000   0.100000   nan   nan   nan   nan   nan   nan   nan  nan  nan  nan  nan  nan 
98  14  4  135.000000   0.140000   nan   nan   nan   nan   nan   nan   nan  nan  nan  nan  nan  nan 
119  14  5  135.000000   0.180000   nan   nan   nan   nan   nan   nan   nan  nan  nan  nan  nan  nan 
140  14  6  135.000000   0.220000   nan   nan   nan   nan   nan   nan   nan  nan  nan  nan  nan  nan 
161  14  7  135.000000   0.260000   nan   nan   nan   nan   nan   nan   nan  nan  nan  nan  nan  nan 
182  14  8  135.000000   0.300000   nan   nan   nan   nan   nan   nan   nan  nan  nan  nan  nan  nan 
203  14  9  135.000000   0.340000   nan   nan   nan   nan   nan   nan   nan  nan  nan  nan  nan  nan 
224  14  10  135.000000   0.380000   nan   nan   nan   nan   nan   nan   nan  nan  nan  nan  nan  nan 
245  14  11  135.000000   0.420000   nan   nan   nan   nan   nan   nan   nan  nan  nan  nan  nan  nan 
266  14  12  135.000000   0.460000   nan   nan   nan   nan   nan   nan   nan  nan  nan  nan  nan  nan 
287  14  13  135.000000   0.500000   nan   nan   nan   nan   nan   nan   nan  nan  nan  nan  nan  nan 
308  14  14  135.000000   0.540000   nan   nan   nan   nan   nan   nan   nan  nan  nan  nan  nan  nan 
329  14  15  135.000000   0.580000   nan   nan   nan   nan   nan   nan   nan  nan  nan  nan  nan  nan 
350  14  16  135.000000   0.620000   nan   nan   nan   nan   nan   nan   nan  nan  nan  nan  nan  nan 
371  14  17  135.000000   0.660000   nan   nan   nan   nan   nan   nan   nan  nan  nan  nan  nan  nan 
392  14  18  135.000000   0.700000   nan   nan   nan   nan   nan   nan   nan  nan  nan  nan  nan  nan 
413  14  19  135.000000   0.740000   nan   nan   nan   nan   nan   nan   nan  nan  nan  nan  nan  nan 
434  14  20  135.000000   0.780000   nan   nan   nan   nan   nan   nan   nan  nan  nan  nan  nan  nan 
455  14  21  135.000000   0.820000   nan   nan   nan   nan   nan   nan   nan  nan  nan  nan  nan  nan 
476  14  22  135.000000   0.860000   nan   nan   nan   nan   nan   nan   nan  nan  nan  nan  nan  nan 
497  14  23  135.000000   0.900000   nan   nan   nan   nan   nan   nan   nan  nan  nan  nan  nan  nan 
518  14  24  135.000000   0.940000   nan   nan   nan   nan   nan   nan   nan  nan  nan  nan  nan  nan 
539  14  25  135.000000   0.980000   nan   nan   nan   nan   nan   nan   nan  nan  nan  nan  nan  nan 
560  14  26  135.000000   1.020000   nan   nan   nan   nan   nan   nan   nan  nan  nan  nan  nan  nan 
581  14  27  135.000000   1.060000   nan   nan   nan   nan   nan   nan   nan  nan  nan  nan  nan  nan 
602  14  28  135.000000   1.100000   nan   nan   nan   nan   nan   nan   nan  nan  nan  nan  nan  nan 
623  14  29  135.000000   1.140000   nan   nan   nan   nan   nan   nan   nan  nan  nan  nan  nan  nan 
644  14  30  135.000000   1.180000   nan   nan   nan   nan   nan   nan   nan  nan  nan  nan  nan  nan 
36  15  1  145.000000   0.020000   0.010189   nan   nan   nan   nan   nan   nan  nan  nan  nan  nan  1.295553244632e-06 
57  15  2  145.000000   0.060000   nan   nan   nan   nan   nan   nan   nan  nan  nan  nan  nan  nan 
78  15  3  145.000000   0.100000   nan   nan   nan   nan   nan   nan   nan  nan  nan  nan  nan  nan 
99  15  4  145.000000   0.140000   nan   nan   nan   nan   nan   nan   nan  nan  nan  nan  nan  nan 
120  15  5  145.000000   0.180000   nan   nan   nan   nan   nan   nan   nan  nan  nan  nan  nan  nan 
141  15  6  145.000000   0.220000   nan   nan   nan   nan   nan   nan   nan  nan  nan  nan  nan  nan 
162  15  7  145.000000   0.260000   nan   nan   nan   nan   nan   nan   nan  nan  nan  nan  nan  nan 
183  15  8  145.000000   0.300000   nan   nan   nan   nan   nan   nan   nan  nan  nan  nan  nan  nan 
204  15  9  145.000000   0.340000   nan   nan   nan   nan   nan   nan   nan  nan  nan  nan  nan  nan 
225  15  10  145.000000   0.380000   nan   nan   nan   nan   nan   nan   nan  nan  nan  nan  nan  nan 
246  15  11  145.000000   0.420000   nan   nan   nan   nan   nan   nan   nan  nan  nan  nan  nan  nan 
267  15  12  145.000000   0.460000   nan   nan   nan   nan   nan   nan   nan  nan  nan  nan  nan  nan 
288  15  13  145.000000   0.500000   nan   nan   nan   nan   nan   nan   nan  nan  nan  nan  nan  nan 
309  15  14  145.000000   0.540000   nan   nan   nan   nan   nan   nan   nan  nan  nan  nan  nan  nan 
330  15  15  145.000000   0.580000   nan   nan   nan   nan   nan   nan   nan  nan  nan  nan  nan  nan 
351  15  16  145.000000   0.620000   nan   nan   nan   nan   nan   nan   nan  nan  nan  nan  nan  nan 
372  15  17  145.000000   0.660000   nan   nan   nan   nan   nan   nan   nan  nan  nan  nan  nan  nan 
393  15  18  145.000000   0.700000   nan   nan   nan   nan   nan   nan   nan  nan  nan  nan  nan  nan 
414  15  19  145.000000   0.740000   nan   nan   nan   nan   nan   nan   nan  nan  nan  nan  nan  nan 
435  15  20  145.000000   0.780000   nan   nan   nan   nan   nan   nan   nan  nan  nan  nan  nan  nan 
456  15  21  145.000000   0.820000   nan   nan   nan   nan   nan   nan   nan  nan  nan  nan  nan  nan 
477  15  22  145.000000   0.860000   nan   nan   nan   nan   nan   nan   nan  nan  nan  nan  nan  nan 
498  15  23  145.000000   0.900000   nan   nan   nan   nan   nan   nan   nan  nan  nan  nan  nan  nan 
519  15  24  145.000000   0.940000   nan   nan   nan   nan   nan   nan   nan  nan  nan  nan  nan  nan 
540  15  25  145.000000   0.980000   nan   nan   nan   nan   nan   nan   nan  nan  nan  nan  nan  nan 
561  15  26  145.000000   1.020000   nan   nan   nan   nan   nan   nan   nan  nan  nan  nan  nan  nan 
582  15  27  145.000000   1.060000   nan   nan   nan   nan   nan   nan   nan  nan  nan  nan  nan  nan 
603  15  28  145.000000   1.100000   nan   nan   nan   nan   nan   nan   nan  nan  nan  nan  nan  nan 
624  15  29  145.000000   1.140000   nan   nan   nan   nan   nan   nan   nan  nan  nan  nan  nan  nan 
645  15  30  145.000000   1.180000   nan   nan   nan   nan   nan   nan   nan  nan  nan  nan  nan  nan 
37  16  1  155.000000   0.020000   nan   nan   nan   nan   nan   nan   nan  nan  nan  nan  1.333088638320e-06  nan 
58  16  2  155.000000   0.060000   nan   nan   nan   nan   nan   nan   nan  nan  nan  nan  nan  nan 
79  16  3  155.000000   0.100000   nan   nan   nan   nan   nan   nan   nan  nan  nan  nan  nan  nan 
100  16  4  155.000000   0.140000   nan   nan   nan   nan   nan   nan   nan  nan  nan  nan  nan  nan 
121  16  5  155.000000   0.180000   nan   nan   nan   nan   nan   nan   nan  nan  nan  nan  nan  nan 
142  16  6  155.000000   0.220000   nan   nan   nan   nan   nan   nan   nan  nan  nan  nan  nan  nan 
163  16  7  155.000000   0.260000   nan   nan   nan   nan   nan   nan   nan  nan  nan  nan  nan  nan 
184  16  8  155.000000   0.300000   nan   nan   nan   nan   nan   nan   nan  nan  nan  nan  nan  nan 
205  16  9  155.000000   0.340000   nan   nan   nan   nan   nan   nan   nan  nan  nan  nan  nan  nan 
226  16  10  155.000000   0.380000   nan   nan   nan   nan   nan   nan   nan  nan  nan  nan  nan  nan 
247  16  11  155.000000   0.420000   nan   nan   nan   nan   nan   nan   nan  nan  nan  nan  nan  nan 
268  16  12  155.000000   0.460000   nan   nan   nan   nan   nan   nan   nan  nan  nan  nan  nan  nan 
289  16  13  155.000000   0.500000   nan   nan   nan   nan   nan   nan   nan  nan  nan  nan  nan  nan 
310  16  14  155.000000   0.540000   nan   nan   nan   nan   nan   nan   nan  nan  nan  nan  nan  nan 
331  16  15  155.000000   0.580000   nan   nan   nan   nan   nan   nan   nan  nan  nan  nan  nan  nan 
352  16  16  155.000000   0.620000   nan   nan   nan   nan   nan   nan   nan  nan  nan  nan  nan  nan 
373  16  17  155.000000   0.660000   nan   nan   nan   nan   nan   nan   nan  nan  nan  nan  nan  nan 
394  16  18  155.000000   0.700000   nan   nan   nan   nan   nan   nan   nan  nan  nan  nan  nan  nan 
415  16  19  155.000000   0.740000   nan   nan   nan   nan   nan   nan   nan  nan  nan  nan  nan  nan 
436  16  20  155.000000   0.780000   nan   nan   nan   nan   nan   nan   nan  nan  nan  nan  nan  nan 
457  16  21  155.000000   0.820000   nan   nan   nan   nan   nan   nan   nan  nan  nan  nan  nan  nan 
478  16  22  155.000000   0.860000   nan   nan   nan   nan   nan   nan   nan  nan  nan  nan  nan  nan 
499  16  23  155.000000   0.900000   nan   nan   nan   nan   nan   nan   nan  nan  nan  nan  nan  nan 
520  16  24  155.000000   0.940000   nan   nan   nan   nan   nan   nan   nan  nan  nan  nan  nan  nan 
541  16  25  155.000000   0.980000   nan   nan   nan   nan   nan   nan   nan  nan  nan  nan  nan  nan 
562  16  26  155.000000   1.020000   nan   nan   nan   nan   nan   nan   nan  nan  nan  nan  nan  nan 
583  16  27  155.000000   1.060000   nan   nan   nan   nan   nan   nan   nan  nan  nan  nan  nan  nan 
604  16  28  155.000000   1.100000   nan   nan   nan   nan   nan   nan   nan  nan  nan  nan  nan  nan 
625  16  29  155.000000   1.140000   nan   nan   nan   nan   nan   nan   nan  nan  nan  nan  nan  nan 
646  16  30  155.000000   1.180000   nan   nan   nan   nan   nan   nan   nan  nan  nan  nan  nan  nan 
38  17  1  165.000000   0.020000   nan   nan   nan   nan   nan   nan   nan  nan  nan  nan  nan  nan 
59  17  2  165.000000   0.060000   nan   nan   nan   nan   nan   nan   nan  nan  nan  nan  nan  nan 
80  17  3  165.000000   0.100000   nan   nan   nan   nan   nan   nan   nan  nan  nan  nan  nan  nan 
101  17  4  165.000000   0.140000   nan   nan   nan   nan   nan   nan   nan  nan  nan  nan  nan  nan 
122  17  5  165.000000   0.180000   nan   nan   nan   nan   nan   nan   nan  nan  nan  nan  nan  nan 
143  17  6  165.000000   0.220000   nan   nan   nan   nan   nan   nan   nan  nan  nan  nan  nan  nan 
164  17  7  165.000000   0.260000   nan   nan   nan   nan   nan   nan   nan  nan  nan  nan  nan  nan 
185  17  8  165.000000   0.300000   nan   nan   nan   nan   nan   nan   nan  nan  nan  nan  nan  nan 
206  17  9  165.000000   0.340000   nan   nan   nan   nan   nan   nan   nan  nan  nan  nan  nan  nan 
227  17  10  165.000000   0.380000   nan   nan   nan   nan   nan   nan   nan  nan  nan  nan  nan  nan 
248  17  11  165.000000   0.420000   nan   nan   nan   nan   nan   nan   nan  nan  nan  nan  nan  nan 
269  17  12  165.000000   0.460000   nan   nan   nan   nan   nan   nan   nan  nan  nan  nan  nan  nan 
290  17  13  165.000000   0.500000   nan   nan   nan   nan   nan   nan   nan  nan  nan  nan  nan  nan 
311  17  14  165.000000   0.540000   nan   nan   nan   nan   nan   nan   nan  nan  nan  nan  nan  nan 
332  17  15  165.000000   0.580000   nan   nan   nan   nan   nan   nan   nan  nan  nan  nan  nan  nan 
353  17  16  165.000000   0.620000   nan   nan   nan   nan   nan   nan   nan  nan  nan  nan  nan  nan 
374  17  17  165.000000   0.660000   nan   nan   nan   nan   nan   nan   nan  nan  nan  nan  nan  nan 
395  17  18  165.000000   0.700000   nan   nan   nan   nan   nan   nan   nan  nan  nan  nan  nan  nan 
416  17  19  165.000000   0.740000   nan   nan   nan   nan   nan   nan   nan  nan  nan  nan  nan  nan 
437  17  20  165.000000   0.780000   nan   nan   nan   nan   nan   nan   nan  nan  nan  nan  nan  nan 
458  17  21  165.000000   0.820000   nan   nan   nan   nan   nan   nan   nan  nan  nan  nan  nan  nan 
479  17  22  165.000000   0.860000   nan   nan   nan   nan   nan   nan   nan  nan  nan  nan  nan  nan 
500  17  23  165.000000   0.900000   nan   nan   nan   nan   nan   nan   nan  nan  nan  nan  nan  nan 
521  17  24  165.000000   0.940000   nan   nan   nan   nan   nan   nan   nan  nan  nan  nan  nan  nan 
542  17  25  165.000000   0.980000   nan   nan   nan   nan   nan   nan   nan  nan  nan  nan  nan  nan 
563  17  26  165.000000   1.020000   nan   nan   nan   nan   nan   nan   nan  nan  nan  nan  nan  nan 
584  17  27  165.000000   1.060000   nan   nan   nan   nan   nan   nan   nan  nan  nan  nan  nan  nan 
605  17  28  165.000000   1.100000   nan   nan   nan   nan   nan   nan   nan  nan  nan  nan  nan  nan 
626  17  29  165.000000   1.140000   nan   nan   nan   nan   nan   nan   nan  nan  nan  nan  nan  nan 
647  17  30  165.000000   1.180000   nan   nan   nan   nan   nan   nan   nan  nan  nan  nan  nan  nan 
39  18  1  175.000000   0.020000   nan   nan   nan   nan   nan   nan   nan  nan  nan  nan  nan  nan 
60  18  2  175.000000   0.060000   nan   nan   nan   nan   nan   nan   nan  nan  nan  nan  nan  nan 
81  18  3  175.000000   0.100000   nan   nan   nan   nan   nan   nan   nan  nan  nan  nan  nan  nan 
102  18  4  175.000000   0.140000   nan   nan   nan   nan   nan   nan   nan  nan  nan  nan  nan  nan 
123  18  5  175.000000   0.180000   nan   nan   nan   nan   nan   nan   nan  nan  nan  nan  nan  nan 
144  18  6  175.000000   0.220000   nan   nan   nan   nan   nan   nan   nan  nan  nan  nan  nan  nan 
165  18  7  175.000000   0.260000   nan   nan   nan   nan   nan   nan   nan  nan  nan  nan  nan  nan 
186  18  8  175.000000   0.300000   nan   nan   nan   nan   nan   nan   nan  nan  nan  nan  nan  nan 
207  18  9  175.000000   0.340000   nan   nan   nan   nan   nan   nan   nan  nan  nan  nan  nan  nan 
228  18  10  175.000000   0.380000   nan   nan   nan   nan   nan   nan   nan  nan  nan  nan  nan  nan 
249  18  11  175.000000   0.420000   nan   nan   nan   nan   nan   nan   nan  nan  nan  nan  nan  nan 
270  18  12  175.000000   0.460000   nan   nan   nan   nan   nan   nan   nan  nan  nan  nan  nan  nan 
291  18  13  175.000000   0.500000   nan   nan   nan   nan   nan   nan   nan  nan  nan  nan  nan  nan 
312  18  14  175.000000   0.540000   nan   nan   nan   nan   nan   nan   nan  nan  nan  nan  nan  nan 
333  18  15  175.000000   0.580000   nan   nan   nan   nan   nan   nan   nan  nan  nan  nan  nan  nan 
354  18  16  175.000000   0.620000   nan   nan   nan   nan   nan   nan   nan  nan  nan  nan  nan  nan 
375  18  17  175.000000   0.660000   nan   nan   nan   nan   nan   nan   nan  nan  nan  nan  nan  nan 
396  18  18  175.000000   0.700000   nan   nan   nan   nan   nan   nan   nan  nan  nan  nan  nan  nan 
417  18  19  175.000000   0.740000   nan   nan   nan   nan   nan   nan   nan  nan  nan  nan  nan  nan 
438  18  20  175.000000   0.780000   nan   nan   nan   nan   nan   nan   nan  nan  nan  nan  nan  nan 
459  18  21  175.000000   0.820000   nan   nan   nan   nan   nan   nan   nan  nan  nan  nan  nan  nan 
480  18  22  175.000000   0.860000   nan   nan   nan   nan   nan   nan   nan  nan  nan  nan  nan  nan 
501  18  23  175.000000   0.900000   nan   nan   nan   nan   nan   nan   nan  nan  nan  nan  nan  nan 
522  18  24  175.000000   0.940000   nan   nan   nan   nan   nan   nan   nan  nan  nan  nan  nan  nan 
543  18  25  175.000000   0.980000   nan   nan   nan   nan   nan   nan   nan  nan  nan  nan  nan  nan 
564  18  26  175.000000   1.020000   nan   nan   nan   nan   nan   nan   nan  nan  nan  nan  nan  nan 
585  18  27  175.000000   1.060000   nan   nan   nan   nan   nan   nan   nan  nan  nan  nan  nan  nan 
606  18  28  175.000000   1.100000   nan   nan   nan   nan   nan   nan   nan  nan  nan  nan  nan  nan 
627  18  29  175.000000   1.140000   nan   nan   nan   nan   nan   nan   nan  nan  nan  nan  nan  nan 
648  18  30  175.000000   1.180000   nan   nan   nan   nan   nan   nan   nan  nan  nan  nan  nan  nan 
40  19  1  185.000000   0.020000   nan   nan   nan   nan   nan   nan   nan  nan  nan  nan  nan  nan 
61  19  2  185.000000   0.060000   nan   nan   nan   nan   nan   nan   nan  nan  nan  nan  nan  nan 
82  19  3  185.000000   0.100000   nan   nan   nan   nan   nan   nan   nan  nan  nan  nan  nan  nan 
103  19  4  185.000000   0.140000   nan   nan   nan   nan   nan   nan   nan  nan  nan  nan  nan  nan 
124  19  5  185.000000   0.180000   nan   nan   nan   nan   nan   nan   nan  nan  nan  nan  nan  nan 
145  19  6  185.000000   0.220000   nan   nan   nan   nan   nan   nan   nan  nan  nan  nan  nan  nan 
166  19  7  185.000000   0.260000   nan   nan   nan   nan   nan   nan   nan  nan  nan  nan  nan  nan 
187  19  8  185.000000   0.300000   nan   nan   nan   nan   nan   nan   nan  nan  nan  nan  nan  nan 
208  19  9  185.000000   0.340000   nan   nan   nan   nan   nan   nan   nan  nan  nan  nan  nan  nan 
229  19  10  185.000000   0.380000   nan   nan   nan   nan   nan   nan   nan  nan  nan  nan  nan  nan 
250  19  11  185.000000   0.420000   nan   nan   nan   nan   nan   nan   nan  nan  nan  nan  nan  nan 
271  19  12  185.000000   0.460000   nan   nan   nan   nan   nan   nan   nan  nan  nan  nan  nan  nan 
292  19  13  185.000000   0.500000   nan   nan   nan   nan   nan   nan   nan  nan  nan  nan  nan  nan 
313  19  14  185.000000   0.540000   nan   nan   nan   nan   nan   nan   nan  nan  nan  nan  nan  nan 
334  19  15  185.000000   0.580000   nan   nan   nan   nan   nan   nan   nan  nan  nan  nan  nan  nan 
355  19  16  185.000000   0.620000   nan   nan   nan   nan   nan   nan   nan  nan  nan  nan  nan  nan 
376  19  17  185.000000   0.660000   nan   nan   nan   nan   nan   nan   nan  nan  nan  nan  nan  nan 
397  19  18  185.000000   0.700000   nan   nan   nan   nan   nan   nan   nan  nan  nan  nan  nan  nan 
418  19  19  185.000000   0.740000   nan   nan   nan   nan   nan   nan   nan  nan  nan  nan  nan  nan 
439  19  20  185.000000   0.780000   nan   nan   nan   nan   nan   nan   nan  nan  nan  nan  nan  nan 
460  19  21  185.000000   0.820000   nan   nan   nan   nan   nan   nan   nan  nan  nan  nan  nan  nan 
481  19  22  185.000000   0.860000   nan   nan   nan   nan   nan   nan   nan  nan  nan  nan  nan  nan 
502  19  23  185.000000   0.900000   nan   nan   nan   nan   nan   nan   nan  nan  nan  nan  nan  nan 
523  19  24  185.000000   0.940000   nan   nan   nan   nan   nan   nan   nan  nan  nan  nan  nan  nan 
544  19  25  185.000000   0.980000   nan   nan   nan   nan   nan   nan   nan  nan  nan  nan  nan  nan 
565  19  26  185.000000   1.020000   nan   nan   nan   nan   nan   nan   nan  nan  nan  nan  nan  nan 
586  19  27  185.000000   1.060000   nan   nan   nan   nan   nan   nan   nan  nan  nan  nan  nan  nan 
607  19  28  185.000000   1.100000   nan   nan   nan   nan   nan   nan   nan  nan  nan  nan  nan  nan 
628  19  29  185.000000   1.140000   nan   nan   nan   nan   nan   nan   nan  nan  nan  nan  nan  nan 
649  19  30  185.000000   1.180000   nan   nan   nan   nan   nan   nan   nan  nan  nan  nan  nan  nan 
