%auto-ignore
# Misak Sargsian (MS V18) theoretical cross sections and reduced cross sections as a function of missing momentum
# 
# theta_nq = 35 (deg)
#
# header definitions
#
# pm_bin               : missig momentum bin center (GeV/c) (bin width from center is +/- 0.02 GeV)
# pm_avg               : average missing momentum over pm_bin (GeV/c)
# theory_pwbaXsec      : theoretical cross section using the MS AV18 PWBA model ( nb / (MeV Sr^2) ) 
# theory_fsiXsec       : theoretical cross section using the MS AV18 FSI model ( nb / (MeV Sr^2) )
# theory_red_pwbaXsec  : theoretical reduced cross section using the MS AV18 PWBA model (fm^3) 
# theory_red_fsiXsec   : theoretical reduced cross section using the MS AV18 FSI model (fm^3)
#
# common values for pm_bin indicate kinematic settings that contribute to the same missing momentum bin and are used in averaging
#
#! pm_bin[f,0]/ pm_avg[f,1]/ theory_pwbaXsec[f,2]/ theory_fsiXsec[f,3]/  theory_red_pwbaXsec[f,4]/ theory_red_fsiXsec[f,5]/ 
0.02000  0.03181  1.71444E+00  1.65388E+00  5.44341E+00  5.25114E+00 
0.06000  0.06217  4.09962E-01  3.86748E-01  1.35829E+00  1.28138E+00 
0.10000  0.09914  7.98064E-02  7.29603E-02  2.87913E-01  2.63214E-01 
0.14000  0.13875  1.77170E-02  1.57921E-02  7.10444E-02  6.33256E-02 
0.18000  0.17780  4.96525E-03  4.28778E-03  2.17092E-02  1.87472E-02 
0.22000  0.21766  1.61913E-03  1.35171E-03  7.51210E-03  6.27137E-03 
0.26000  0.25754  6.08032E-04  5.01188E-04  2.97523E-03  2.45242E-03 
0.30000  0.29743  2.63496E-04  2.24154E-04  1.35529E-03  1.15293E-03 
0.34000  0.33737  1.32560E-04  1.15569E-04  7.12056E-04  6.20788E-04 
0.38000  0.37612  7.75410E-05  6.96844E-05  4.31259E-04  3.87563E-04 
0.38000  0.39338  3.39878E-04  2.96889E-04  3.67096E-04  3.20665E-04 
0.38000  0.39347  3.35814E-04  2.92700E-04  3.67227E-04  3.20080E-04 
0.42000  0.41497  5.02469E-05  4.59858E-05  2.85706E-04  2.61478E-04 
0.42000  0.42805  2.22856E-04  1.95269E-04  2.63388E-04  2.30784E-04 
0.42000  0.42917  2.19194E-04  1.93334E-04  2.60816E-04  2.30047E-04 
0.46000  0.45276  3.51714E-05  3.30166E-05  2.02673E-04  1.90256E-04 
0.46000  0.46410  1.54918E-04  1.37530E-04  1.93861E-04  1.72102E-04 
0.46000  0.46429  1.54466E-04  1.40507E-04  1.93550E-04  1.76059E-04 
0.50000  0.48805  2.58138E-05  2.45780E-05  1.51081E-04  1.43848E-04 
0.50000  0.50187  1.09957E-04  9.55057E-05  1.43921E-04  1.25006E-04 
0.50000  0.50199  1.09845E-04  9.67782E-05  1.43784E-04  1.26680E-04 
0.50000  0.51271  1.37014E-04  1.18741E-04  1.31726E-04  1.14158E-04 
0.50000  0.51301  1.40899E-04  1.22547E-04  1.31468E-04  1.14344E-04 
0.50000  0.51367  1.37136E-04  1.18855E-04  1.30796E-04  1.13360E-04 
0.54000  0.54066  7.74255E-05  6.68231E-05  1.07196E-04  9.25168E-05 
0.54000  0.54074  7.74284E-05  6.65623E-05  1.07124E-04  9.20905E-05 
0.54000  0.54793  9.88710E-05  8.43591E-05  1.01050E-04  8.62181E-05 
0.54000  0.54800  9.90031E-05  8.47048E-05  1.01027E-04  8.64361E-05 
0.54000  0.54801  9.88672E-05  8.47362E-05  1.01028E-04  8.65882E-05 
0.58000  0.58001  5.36728E-05  4.55168E-05  7.97422E-05  6.76247E-05 
0.58000  0.58004  5.37252E-05  4.55249E-05  7.97248E-05  6.75561E-05 
0.58000  0.58391  7.15907E-05  6.05423E-05  7.71481E-05  6.52421E-05 
0.58000  0.58405  7.13602E-05  6.04425E-05  7.70601E-05  6.52704E-05 
0.58000  0.58407  7.14217E-05  6.05642E-05  7.70525E-05  6.53391E-05 
0.62000  0.61959  3.66040E-05  3.03474E-05  5.91069E-05  4.90040E-05 
0.62000  0.61961  3.66018E-05  3.01059E-05  5.91030E-05  4.86138E-05 
0.62000  0.62170  5.12870E-05  4.23746E-05  5.79347E-05  4.78671E-05 
0.62000  0.62176  5.12559E-05  4.22617E-05  5.79116E-05  4.77496E-05 
0.62000  0.62181  5.12817E-05  4.22125E-05  5.78822E-05  4.76456E-05 
0.66000  0.65928  2.49127E-05  1.98761E-05  4.35617E-05  3.47548E-05 
0.66000  0.65947  2.49091E-05  1.98600E-05  4.35016E-05  3.46837E-05 
0.66000  0.66056  3.60384E-05  2.89343E-05  4.29481E-05  3.44819E-05 
0.66000  0.66071  3.60322E-05  2.88745E-05  4.29006E-05  3.43785E-05 
0.66000  0.66082  3.60107E-05  2.87706E-05  4.28661E-05  3.42476E-05 
0.70000  0.69895  1.70297E-05  1.34296E-05  3.18968E-05  2.51538E-05 
0.70000  0.69896  1.70362E-05  1.33737E-05  3.18966E-05  2.50395E-05 
0.70000  0.69996  2.49220E-05  1.96644E-05  3.15026E-05  2.48567E-05 
0.70000  0.70000  2.49121E-05  1.96711E-05  3.14981E-05  2.48715E-05 
0.70000  0.70011  2.48479E-05  1.96690E-05  3.14669E-05  2.49084E-05 
0.74000  0.73852  1.16861E-05  9.12462E-06  2.31867E-05  1.81043E-05 
0.74000  0.73853  1.17061E-05  9.02941E-06  2.31825E-05  1.78816E-05 
0.74000  0.73940  1.68781E-05  1.29966E-05  2.29369E-05  1.76621E-05 
0.74000  0.73942  1.68774E-05  1.30321E-05  2.29363E-05  1.77106E-05 
0.74000  0.73950  1.68474E-05  1.29539E-05  2.29187E-05  1.76221E-05 
0.78000  0.77831  8.04322E-06  5.95983E-06  1.66759E-05  1.23564E-05 
0.78000  0.77838  8.03642E-06  5.96712E-06  1.66686E-05  1.23766E-05 
0.78000  0.77918  1.12646E-05  8.45488E-06  1.65218E-05  1.24007E-05 
0.78000  0.77928  1.12562E-05  8.45602E-06  1.65061E-05  1.23999E-05 
0.78000  0.77945  1.12345E-05  8.43516E-06  1.64838E-05  1.23766E-05 
0.82000  0.81809  5.50832E-06  4.07838E-06  1.18827E-05  8.79804E-06 
0.82000  0.81810  5.50023E-06  4.06476E-06  1.18821E-05  8.78105E-06 
0.82000  0.81893  7.46050E-06  5.45761E-06  1.17922E-05  8.62640E-06 
0.82000  0.81910  7.45378E-06  5.43974E-06  1.17761E-05  8.59412E-06 
0.82000  0.81914  7.43866E-06  5.37363E-06  1.17724E-05  8.50427E-06 
0.86000  0.85769  3.75694E-06  2.77367E-06  8.39705E-06  6.19936E-06 
0.86000  0.85773  3.75543E-06  2.76103E-06  8.39264E-06  6.17035E-06 
0.86000  0.85877  4.93427E-06  3.53763E-06  8.33035E-06  5.97245E-06 
0.86000  0.85888  4.92589E-06  3.53040E-06  8.32123E-06  5.96386E-06 
0.86000  0.85889  4.92642E-06  3.53012E-06  8.32082E-06  5.96243E-06 
0.90000  0.89736  2.53964E-06  1.85363E-06  5.86952E-06  4.28403E-06 
0.90000  0.89747  2.53767E-06  1.85108E-06  5.86383E-06  4.27733E-06 
0.90000  0.89850  3.24214E-06  2.32856E-06  5.82322E-06  4.18232E-06 
0.90000  0.89853  3.24365E-06  2.33272E-06  5.82296E-06  4.18767E-06 
0.90000  0.89864  3.24440E-06  2.34691E-06  5.81737E-06  4.20812E-06 
0.94000  0.93715  1.70539E-06  1.24839E-06  4.05216E-06  2.96629E-06 
0.94000  0.93731  1.69918E-06  1.24125E-06  4.04696E-06  2.95632E-06 
0.94000  0.93824  2.12633E-06  1.54661E-06  4.02367E-06  2.92665E-06 
0.94000  0.93832  2.12780E-06  1.55392E-06  4.01932E-06  2.93528E-06 
0.94000  0.93841  2.12558E-06  1.55235E-06  4.01666E-06  2.93344E-06 
0.98000  0.97691  1.12410E-06  8.57985E-07  2.76402E-06  2.10968E-06 
0.98000  0.97692  1.12388E-06  8.48815E-07  2.76373E-06  2.08732E-06 
0.98000  0.97811  1.38248E-06  1.04413E-06  2.73857E-06  2.06833E-06 
0.98000  0.97818  1.38219E-06  1.04423E-06  2.73708E-06  2.06784E-06 
0.98000  0.97827  1.38085E-06  1.04356E-06  2.73498E-06  2.06692E-06 
1.02000  1.01633  7.35142E-07  6.12860E-07  1.86483E-06  1.55464E-06 
1.02000  1.01662  7.33923E-07  6.12719E-07  1.85892E-06  1.55193E-06 
1.02000  1.01787  8.91700E-07  7.35773E-07  1.83797E-06  1.51657E-06 
1.02000  1.01789  8.89526E-07  7.33805E-07  1.83807E-06  1.51630E-06 
1.02000  1.01791  8.91704E-07  7.35850E-07  1.83717E-06  1.51607E-06 
1.06000  1.05549  4.75315E-07  4.42051E-07  1.24104E-06  1.15418E-06 
1.06000  1.05567  4.76747E-07  4.40670E-07  1.23789E-06  1.14421E-06 
1.06000  1.05767  5.64763E-07  5.16929E-07  1.21202E-06  1.10937E-06 
1.06000  1.05775  5.64182E-07  5.16459E-07  1.21132E-06  1.10885E-06 
1.06000  1.05780  5.63206E-07  5.15372E-07  1.21069E-06  1.10786E-06 
1.10000  1.09590  2.98533E-07  3.19665E-07  7.98549E-07  8.55077E-07 
1.10000  1.09658  2.94235E-07  3.16145E-07  7.92216E-07  8.51208E-07 
1.10000  1.09750  3.51559E-07  3.72361E-07  7.83456E-07  8.29813E-07 
1.10000  1.09754  3.51930E-07  3.72628E-07  7.83084E-07  8.29140E-07 
1.10000  1.09758  3.51287E-07  3.71938E-07  7.82625E-07  8.28632E-07 
1.14000  1.13440  1.85739E-07  2.40268E-07  5.12804E-07  6.63352E-07 
1.14000  1.13615  1.82132E-07  2.36357E-07  5.02377E-07  6.51947E-07 
1.14000  1.13727  2.14571E-07  2.72138E-07  4.94263E-07  6.26866E-07 
1.14000  1.13731  2.14078E-07  2.70953E-07  4.94103E-07  6.25371E-07 
1.14000  1.13732  2.14165E-07  2.71151E-07  4.94076E-07  6.25543E-07 
1.18000  1.16945  1.20458E-07  1.88700E-07  3.34508E-07  5.24013E-07 
1.18000  1.17129  1.14900E-07  1.80865E-07  3.27023E-07  5.14771E-07 
1.18000  1.17314  1.34826E-07  2.08105E-07  3.18952E-07  4.92305E-07 
1.18000  1.17315  1.34560E-07  2.07741E-07  3.18486E-07  4.91696E-07 
1.18000  1.17326  1.34041E-07  2.06649E-07  3.18250E-07  4.90642E-07 
