#This file contains updated Xsec and Reduced Xsec
#Xsec Units: ub * MeV^-1 *sr^-2
#Ksigcc1 Units: (ub * MeV^2 * sr^-2
#Red Xsec Units: MeV^-3
#!xb[i,0]/  yb[i,1]/   thnq_bin[f,2]/   pm_bin[f,3]/  pm_avg[f,4]/   Ksigcc1[f,5]/   pwiaXsec_theory[f,6]/    fsiXsec_theory[f,7]/   red_pwiaXsec_theory[f,8]/    red_fsiXsec_theory[f,9]/   setting[s,10]/
6   1   55.000000   0.020000   0.031717   2449.765926  1.742454710000e-03   1.686949950000e-03    7.112739594860e-07   6.886167907293e-07   80
6   2   55.000000   0.060000   0.062179   2393.338512  4.228420100000e-04   3.990005190000e-04    1.766745522541e-07   1.667129480428e-07   80
6   3   55.000000   0.100000   0.099276   2295.564445  8.549886320000e-05   7.667185210000e-05    3.724524632111e-08   3.339999984187e-08   80
6   4   55.000000   0.140000   0.138326   2171.170679  2.031419180000e-05   1.684582710000e-05    9.356331124256e-09   7.758868182468e-09   80
6   5   55.000000   0.180000   0.178549   2081.889565  5.742000100000e-06   4.156956670000e-06    2.758071415762e-09   1.996722948174e-09   80
6   6   55.000000   0.220000   0.218425   2026.440551  1.937196370000e-06   1.355847000000e-06    9.559601287312e-10   6.690781031454e-10   80
6   7   55.000000   0.260000   0.258683   1961.633292  7.389005420000e-07   4.962189790000e-07    3.766761835728e-10   2.529621520106e-10   80
6   8   55.000000   0.300000   0.298811   1911.210187  3.281823100000e-07   2.399626970000e-07    1.717143997203e-10   1.255553672915e-10   80
6   9   55.000000   0.340000   0.338861   1875.464841  1.698972280000e-07   1.429135650000e-07    9.058939644500e-11   7.620167644614e-11   80
6   10   55.000000   0.380000   0.379081   1854.924087  1.005874870000e-07   9.994265440000e-08    5.422727954473e-11   5.387964666610e-11   80
6   11   55.000000   0.420000   0.419002   1839.559466  6.585655360000e-08   7.642725860000e-08    3.580017651900e-11   4.154650067724e-11   80
6   12   55.000000   0.460000   0.458809   1836.274929  4.603780430000e-08   6.139409910000e-08    2.507130254459e-11   3.343404526763e-11   80
6   12   55.000000   0.460000   0.469776   7049.917519  1.704513280000e-07   1.743661310000e-07    2.417777619960e-11   2.473307390194e-11   580_set1
6   12   55.000000   0.460000   0.473040   7129.035848  1.677614900000e-07   1.721043740000e-07    2.353214285590e-11   2.414132537267e-11   580_set2
6   13   55.000000   0.500000   0.498534   1839.983238  3.333967180000e-08   5.064589160000e-08    1.811955191300e-11   2.752519183547e-11   80
6   13   55.000000   0.500000   0.505825   6832.999337  1.245877970000e-07   1.390844140000e-07    1.823325173257e-11   2.035481157548e-11   580_set1
6   13   55.000000   0.500000   0.506646   6825.528832  1.237068400000e-07   1.307666450000e-07    1.812413998166e-11   1.915846350058e-11   580_set2
6   14   55.000000   0.540000   0.537759   1854.036878  2.470358090000e-08   4.082448040000e-08    1.332421225982e-11   2.201923860546e-11   80
6   14   55.000000   0.540000   0.543194   6629.408550  9.107910840000e-08   1.060728360000e-07    1.373864768072e-11   1.600034681827e-11   580_set1
6   14   55.000000   0.540000   0.544209   6605.976995  9.008036550000e-08   1.039634120000e-07    1.363619122019e-11   1.573777990427e-11   580_set2
6   15   55.000000   0.580000   0.577104   1854.997974  1.825702560000e-08   3.471860290000e-08    9.842073067407e-12   1.871624842001e-11   80
6   15   55.000000   0.580000   0.581471   6620.647004  6.814977530000e-08   8.461126690000e-08    1.029352195621e-11   1.277990910086e-11   580_set1
6   15   55.000000   0.580000   0.581517   6594.407830  6.785614790000e-08   8.169342580000e-08    1.028995319205e-11   1.238828836584e-11   580_set2
6   16   55.000000   0.620000   0.614933   1845.642229  1.358578540000e-08   2.621003990000e-08    7.361007017791e-12   1.420104042277e-11   80
6   16   55.000000   0.620000   0.617368   8499.559407  6.643977760000e-08   8.853280540000e-08    7.816849605790e-12   1.041616408106e-11   750_set3
6   16   55.000000   0.620000   0.620656   6576.093016  5.024227870000e-08   6.645812090000e-08    7.640141126009e-12   1.010601899005e-11   580_set2
6   16   55.000000   0.620000   0.620823   6561.646451  5.007316170000e-08   6.504313650000e-08    7.631188616139e-12   9.912624367332e-12   580_set1
6   16   55.000000   0.620000   0.637480   8047.731576  5.396484210000e-08   6.935427340000e-08    6.705596675333e-12   8.617866133462e-12   750_set1
6   16   55.000000   0.620000   0.637620   8048.498556  5.391138790000e-08   6.923471390000e-08    6.698316154857e-12   8.602190013240e-12   750_set2
6   17   55.000000   0.660000   0.650831   1824.379961  1.021373640000e-08   2.060788680000e-08    5.598469956007e-12   1.129583049613e-11   80
6   17   55.000000   0.660000   0.660012   6543.343812  3.687120970000e-08   5.213082210000e-08    5.634918591987e-12   7.967000297982e-12   580_set2
6   17   55.000000   0.660000   0.660309   6527.452506  3.669184070000e-08   5.330333490000e-08    5.621157820187e-12   8.166024165017e-12   580_set1
6   17   55.000000   0.660000   0.663266   7928.802033  4.353959110000e-08   6.325633080000e-08    5.491320242174e-12   7.978043913409e-12   750_set2
6   17   55.000000   0.660000   0.664708   8130.040711  4.412540050000e-08   6.299610440000e-08    5.427451358306e-12   7.748559526248e-12   750_set3
6   17   55.000000   0.660000   0.667375   7860.671195  4.180413110000e-08   6.217396260000e-08    5.318137607205e-12   7.909497936963e-12   750_set1
6   18   55.000000   0.700000   0.683846   1819.359804  8.015027270000e-09   1.876039060000e-08    4.405410767226e-12   1.031153406751e-11   80
6   18   55.000000   0.700000   0.698685   8053.048215  3.340050210000e-08   5.167355390000e-08    4.147560179484e-12   6.416645290134e-12   750_set2
6   18   55.000000   0.700000   0.699462   6500.621398  2.680097330000e-08   4.363223540000e-08    4.122832520018e-12   6.712009933916e-12   580_set2
6   18   55.000000   0.700000   0.699512   8048.823867  3.316510100000e-08   4.809941350000e-08    4.120490340952e-12   5.975955530249e-12   750_set1
6   18   55.000000   0.700000   0.699547   6513.032110  2.683859130000e-08   4.242867600000e-08    4.120752185268e-12   6.514427578954e-12   580_set1
6   18   55.000000   0.700000   0.701027   7966.114632  3.243994710000e-08   4.593100400000e-08    4.072242065120e-12   5.765797521353e-12   750_set3
6   19   55.000000   0.740000   0.738856   6490.054869  1.944088380000e-08   3.185894710000e-08    2.995488357558e-12   4.908887173231e-12   580_set2
6   19   55.000000   0.740000   0.739322   6486.742647  1.935150850000e-08   3.181272370000e-08    2.983239748065e-12   4.904267893950e-12   580_set1
6   19   55.000000   0.740000   0.741071   8005.474732  2.355353530000e-08   3.923776000000e-08    2.942178457681e-12   4.901365791982e-12   750_set3
6   19   55.000000   0.740000   0.741124   7966.976211  2.343054670000e-08   3.574934600000e-08    2.940958536772e-12   4.487191257160e-12   750_set1
6   19   55.000000   0.740000   0.741785   7986.959756  2.336162510000e-08   3.716580940000e-08    2.924970929326e-12   4.653311214205e-12   750_set2
6   20   55.000000   0.780000   0.778705   6465.077977  1.389272420000e-08   2.316883020000e-08    2.148887337388e-12   3.583689211859e-12   580_set1
6   20   55.000000   0.780000   0.778818   6460.491189  1.387240370000e-08   2.442637270000e-08    2.147267644853e-12   3.780884763312e-12   580_set2
6   20   55.000000   0.780000   0.779448   7958.502178  1.701296310000e-08   2.909866910000e-08    2.137709171838e-12   3.656299696749e-12   750_set2
6   20   55.000000   0.780000   0.780416   7946.767799  1.685082730000e-08   2.988434580000e-08    2.120463026757e-12   3.760566126490e-12   750_set1
6   20   55.000000   0.780000   0.781279   7936.791743  1.670789720000e-08   2.829067600000e-08    2.105119768921e-12   3.564497710923e-12   750_set3
6   21   55.000000   0.820000   0.818150   6417.582617  9.837439280000e-09   1.844630200000e-08    1.532888607299e-12   2.874338064793e-12   580_set2
6   21   55.000000   0.820000   0.818301   6405.078596  9.803855790000e-09   1.803812760000e-08    1.530637859170e-12   2.816222678558e-12   580_set1
6   21   55.000000   0.820000   0.818341   7957.142847  1.219315360000e-08   2.289953830000e-08    1.532353237142e-12   2.877859395051e-12   750_set2
6   21   55.000000   0.820000   0.819052   7958.519545  1.211972630000e-08   2.250879630000e-08    1.522861913132e-12   2.828264248486e-12   750_set1
6   21   55.000000   0.820000   0.821132   7964.374324  1.191367120000e-08   2.243471150000e-08    1.495870323937e-12   2.816883108117e-12   750_set3
6   22   55.000000   0.860000   0.857608   6388.552711  6.912140640000e-09   1.522744170000e-08    1.081957205753e-12   2.383551077818e-12   580_set1
6   22   55.000000   0.860000   0.858096   6396.505699  6.890377960000e-09   1.397266520000e-08    1.077209696081e-12   2.184421597902e-12   580_set2
6   22   55.000000   0.860000   0.858648   7955.706325  8.545512330000e-09   1.700015180000e-08    1.074136221337e-12   2.136850092943e-12   750_set1
6   22   55.000000   0.860000   0.858837   7971.104027  8.546774280000e-09   1.756021570000e-08    1.072219638716e-12   2.202984133756e-12   750_set2
6   22   55.000000   0.860000   0.859155   8025.286305  8.583514020000e-09   1.688801500000e-08    1.069558604364e-12   2.104350469027e-12   750_set3
6   23   55.000000   0.900000   0.896880   8004.313268  6.075596440000e-09   1.349785550000e-08    7.590403119640e-13   1.686322742260e-12   750_set3
6   23   55.000000   0.900000   0.897006   8044.736275  6.094480860000e-09   1.239905970000e-08    7.575737291649e-13   1.541263663115e-12   750_set1
6   23   55.000000   0.900000   0.897306   8005.421115  6.048324520000e-09   1.236034650000e-08    7.555285890791e-13   1.543997039311e-12   750_set2
6   23   55.000000   0.900000   0.897479   6353.940980  4.783472980000e-09   1.068036350000e-08    7.528356015671e-13   1.680903793979e-12   580_set1
6   23   55.000000   0.900000   0.897814   6353.538928  4.768953660000e-09   1.041517590000e-08    7.505980075109e-13   1.639271596197e-12   580_set2
6   24   55.000000   0.940000   0.935969   8112.608562  4.264697900000e-09   1.044955380000e-08    5.256876216087e-13   1.288063354732e-12   750_set1
6   24   55.000000   0.940000   0.935999   8086.789421  4.250335040000e-09   1.002397110000e-08    5.255899243478e-13   1.239548920857e-12   750_set3
6   24   55.000000   0.940000   0.937265   6350.901999  3.291473260000e-09   8.049060590000e-09    5.182686271207e-13   1.267388567997e-12   580_set1
6   24   55.000000   0.940000   0.937395   6362.250955  3.293467690000e-09   7.587699220000e-09    5.176576204388e-13   1.192612374719e-12   580_set2
6   24   55.000000   0.940000   0.937801   8140.907489  4.206249020000e-09   9.434299540000e-09    5.166806066380e-13   1.158875660084e-12   750_set2
6   25   55.000000   0.980000   0.976406   8107.107744  2.873600690000e-09   6.635699890000e-09    3.544544837370e-13   8.185039720128e-13   750_set3
6   25   55.000000   0.980000   0.976686   6402.134060  2.261735500000e-09   5.529270510000e-09    3.532783723057e-13   8.636605322819e-13   580_set1
6   25   55.000000   0.980000   0.976884   6383.367909  2.251318190000e-09   5.269197750000e-09    3.526850123782e-13   8.254573173780e-13   580_set2
6   25   55.000000   0.980000   0.976997   8127.121918  2.867785050000e-09   6.159742360000e-09    3.528660058179e-13   7.579241977849e-13   750_set2
6   25   55.000000   0.980000   0.977217   8182.623951  2.880757440000e-09   6.905251650000e-09    3.520579043166e-13   8.438920927261e-13   750_set1
6   26   55.000000   1.020000   1.013428   8258.560827  2.015590670000e-09   5.230292680000e-09    2.440607646081e-13   6.333176917339e-13   750_set2
6   26   55.000000   1.020000   1.013539   8251.592564  2.012016950000e-09   4.858694040000e-09    2.438337732255e-13   5.888189464416e-13   750_set1
6   26   55.000000   1.020000   1.016161   6399.253642  1.518423440000e-09   3.831404260000e-09    2.372813338784e-13   5.987267382017e-13   580_set1
6   26   55.000000   1.020000   1.016353   8332.431664  1.972700930000e-09   4.794440700000e-09    2.367497279963e-13   5.753951419385e-13   750_set3
6   26   55.000000   1.020000   1.016369   6427.666303  1.521381900000e-09   3.977629360000e-09    2.366927323669e-13   6.188294744149e-13   580_set2
6   27   55.000000   1.060000   1.052978   8655.774978  1.392610020000e-09   3.596822270000e-09    1.608879648026e-13   4.155401774124e-13   750_set3
6   27   55.000000   1.060000   1.055509   6472.838506  1.015371990000e-09   2.649908890000e-09    1.568665723792e-13   4.093890010609e-13   580_set2
6   27   55.000000   1.060000   1.056004   6498.893394  1.013894100000e-09   2.605078280000e-09    1.560102679844e-13   4.008495173048e-13   580_set1
6   27   55.000000   1.060000   1.056300   8495.070810  1.319594450000e-09   3.457315500000e-09    1.553364862417e-13   4.069790090425e-13   750_set1
6   27   55.000000   1.060000   1.059227   8552.524230  1.286760320000e-09   3.459595610000e-09    1.504538643090e-13   4.045116408866e-13   750_set2
6   28   55.000000   1.100000   1.083847   8663.710372  9.936040730000e-10   3.955265970000e-09    1.146857443678e-13   4.565325709390e-13   750_set2
6   28   55.000000   1.100000   1.086658   8877.139709  9.865112370000e-10   2.067303750000e-09    1.111294030891e-13   2.328794879621e-13   750_set1
6   28   55.000000   1.100000   1.095101   6567.882737  6.662795790000e-10   1.728575910000e-09    1.014451088243e-13   2.631861711328e-13   580_set2
6   28   55.000000   1.100000   1.095588   6587.917641  6.647192060000e-10   2.893996660000e-09    1.008997443840e-13   4.392885305653e-13   580_set1
6   28   55.000000   1.100000   1.099340   7338.754061  7.076401380000e-10   5.249153820000e-09    9.642510596732e-14   7.152649859048e-13   750_set3
6   29   55.000000   1.140000   1.132550   6664.229995  4.382342740000e-10   8.044201530000e-10    6.575917612819e-14   1.207071415007e-13   580_set2
6   29   55.000000   1.140000   1.132778   6739.139118  4.418515600000e-10   7.659190450000e-10    6.556498571454e-14   1.136523570131e-13   580_set1
6   30   55.000000   1.180000   1.171530   6926.229114  2.822023230000e-10   4.949499270000e-10    4.074400634966e-14   7.146023021381e-14   580_set2
6   30   55.000000   1.180000   1.173624   6957.805125  2.758231130000e-10   4.631384800000e-10    3.964225902346e-14   6.656387634887e-14   580_set1
