#This file contains updated Xsec and Reduced Xsec
#Xsec Units: ub * MeV^-1 *sr^-2
#Ksigcc1 Units: (ub * MeV^2 * sr^-2
#Red Xsec Units: MeV^-3
#!xb[i,0]/  yb[i,1]/   thnq_bin[f,2]/   pm_bin[f,3]/  pm_avg[f,4]/   Ksigcc1[f,5]/   pwiaXsec_theory[f,6]/    fsiXsec_theory[f,7]/   red_pwiaXsec_theory[f,8]/    red_fsiXsec_theory[f,9]/   setting[s,10]/
3   1   25.000000   0.020000   0.032152   2416.040503  1.675061040000e-03   1.675061040000e-03    6.933083439289e-07   6.933083439289e-07   80
3   2   25.000000   0.060000   0.062560   2287.685901  3.964334410000e-04   3.964334410000e-04    1.732901535244e-07   1.732901535244e-07   80
3   3   25.000000   0.100000   0.099209   2050.265965  7.720456700000e-05   7.720456700000e-05    3.765587895325e-08   3.765587895325e-08   80
3   4   25.000000   0.140000   0.137853   1768.190705  1.724431990000e-05   1.724431990000e-05    9.752522649982e-09   9.752522649982e-09   80
3   5   25.000000   0.180000   0.176850   1616.495749  4.906790730000e-06   4.906790730000e-06    3.035449201172e-09   3.035449201172e-09   80
3   6   25.000000   0.220000   0.216640   1535.604395  1.645725250000e-06   1.645725250000e-06    1.071711734714e-09   1.071711734714e-09   80
3   7   25.000000   0.260000   0.256381   1484.767586  6.374681000000e-07   6.374681000000e-07    4.293386426339e-10   4.293386426339e-10   80
3   8   25.000000   0.300000   0.296126   1433.195998  2.758615310000e-07   2.758615310000e-07    1.924799757918e-10   1.924799757918e-10   80
3   9   25.000000   0.340000   0.334696   1392.310835  1.357382680000e-07   1.357382680000e-07    9.749135364590e-11   9.749135364590e-11   80
3   10   25.000000   0.380000   0.370262   1342.835765  7.536026840000e-08   7.536026840000e-08    5.612024222486e-11   5.612024222486e-11   80
3   10   25.000000   0.380000   0.392151   7160.611871  2.956290540000e-07   2.956290540000e-07    4.128544589845e-11   4.128544589845e-11   580_set1
3   10   25.000000   0.380000   0.396911   7058.289581  2.735171020000e-07   2.735171020000e-07    3.875118736078e-11   3.875118736078e-11   580_set2
3   11   25.000000   0.420000   0.428156   6460.793308  1.691822260000e-07   1.691822260000e-07    2.618598335138e-11   2.618598335138e-11   580_set2
3   11   25.000000   0.420000   0.428808   6458.293244  1.677463650000e-07   1.677463650000e-07    2.597379193889e-11   2.597379193889e-11   580_set1
3   12   25.000000   0.460000   0.463179   6054.836299  1.054573580000e-07   1.054573580000e-07    1.741704528286e-11   1.741704528286e-11   580_set1
3   12   25.000000   0.460000   0.463556   6044.919966  1.048461120000e-07   1.048461120000e-07    1.734449961120e-11   1.734449961120e-11   580_set2
3   13   25.000000   0.500000   0.500858   5626.778707  6.500182300000e-08   6.500182300000e-08    1.155222666197e-11   1.155222666197e-11   580_set1
3   13   25.000000   0.500000   0.500960   5646.240615  6.516169010000e-08   6.516169010000e-08    1.154072143629e-11   1.154072143629e-11   580_set2
3   13   25.000000   0.500000   0.510352   8060.665463  8.345001190000e-08   8.345001190000e-08    1.035274473095e-11   1.035274473095e-11   750_set3
3   13   25.000000   0.500000   0.513465   7888.535881  7.908519360000e-08   7.908519360000e-08    1.002533230412e-11   1.002533230412e-11   750_set2
3   13   25.000000   0.500000   0.513903   7887.584188  7.872475680000e-08   7.872475680000e-08    9.980845202232e-12   9.980845202232e-12   750_set1
3   14   25.000000   0.540000   0.539913   5126.165480  3.947349270000e-08   3.947349270000e-08    7.700393764893e-12   7.700393764893e-12   580_set1
3   14   25.000000   0.540000   0.540251   5133.291118  3.938043490000e-08   3.938043490000e-08    7.671576381459e-12   7.671576381459e-12   580_set2
3   14   25.000000   0.540000   0.546146   7425.988801  5.310685560000e-08   5.310685560000e-08    7.151486088001e-12   7.151486088001e-12   750_set3
3   14   25.000000   0.540000   0.546358   7383.772842  5.271647130000e-08   5.271647130000e-08    7.139503398607e-12   7.139503398607e-12   750_set1
3   14   25.000000   0.540000   0.546867   7386.737479  5.244735260000e-08   5.244735260000e-08    7.100205300257e-12   7.100205300257e-12   750_set2
3   15   25.000000   0.580000   0.579678   4633.182862  2.388440630000e-08   2.388440630000e-08    5.155075249866e-12   5.155075249866e-12   580_set2
3   15   25.000000   0.580000   0.579709   4629.108959  2.385769230000e-08   2.385769230000e-08    5.153841162804e-12   5.153841162804e-12   580_set1
3   15   25.000000   0.580000   0.582431   6877.522392  3.409614410000e-08   3.409614410000e-08    4.957620223769e-12   4.957620223769e-12   750_set2
3   15   25.000000   0.580000   0.582458   6891.236391  3.415268660000e-08   3.415268660000e-08    4.955959230277e-12   4.955959230277e-12   750_set3
3   15   25.000000   0.580000   0.582647   6880.065537  3.402768820000e-08   3.402768820000e-08    4.945837800091e-12   4.945837800091e-12   750_set1
3   16   25.000000   0.620000   0.619539   4194.376581  1.453898750000e-08   1.453898750000e-08    3.466304758104e-12   3.466304758104e-12   580_set1
3   16   25.000000   0.620000   0.619594   4185.958399  1.449804940000e-08   1.449804940000e-08    3.463495815788e-12   3.463495815788e-12   580_set2
3   16   25.000000   0.620000   0.620672   6357.960741  2.152120880000e-08   2.152120880000e-08    3.384923197342e-12   3.384923197342e-12   750_set1
3   16   25.000000   0.620000   0.620680   6349.418325  2.148266320000e-08   2.148266320000e-08    3.383406494956e-12   3.383406494956e-12   750_set3
3   16   25.000000   0.620000   0.620812   6353.141630  2.147427200000e-08   2.147427200000e-08    3.380102829535e-12   3.380102829535e-12   750_set2
3   17   25.000000   0.660000   0.658770   3876.519054  9.092993100000e-09   9.092993100000e-09    2.345659333370e-12   2.345659333370e-12   580_set1
3   17   25.000000   0.660000   0.658907   3879.830035  9.087867100000e-09   9.087867100000e-09    2.342336395672e-12   2.342336395672e-12   580_set2
3   17   25.000000   0.660000   0.659691   5806.988492  1.333343240000e-08   1.333343240000e-08    2.296101054509e-12   2.296101054509e-12   750_set2
3   17   25.000000   0.660000   0.659759   5803.865563  1.331699080000e-08   1.331699080000e-08    2.294503664057e-12   2.294503664057e-12   750_set1
3   17   25.000000   0.660000   0.660128   5799.978048  1.326172150000e-08   1.326172150000e-08    2.286512360952e-12   2.286512360952e-12   750_set3
3   18   25.000000   0.700000   0.698155   3665.660757  5.793975200000e-09   5.793975200000e-09    1.580608677149e-12   1.580608677149e-12   580_set1
3   18   25.000000   0.700000   0.698226   3669.585920  5.796756600000e-09   5.796756600000e-09    1.579675943383e-12   1.579675943383e-12   580_set2
3   18   25.000000   0.700000   0.699738   5272.303355  8.121551950000e-09   8.121551950000e-09    1.540418182178e-12   1.540418182178e-12   750_set2
3   18   25.000000   0.700000   0.699787   5275.155178  8.119225500000e-09   8.119225500000e-09    1.539144390266e-12   1.539144390266e-12   750_set3
3   18   25.000000   0.700000   0.699790   5272.170252  8.116343060000e-09   8.116343060000e-09    1.539469074793e-12   1.539469074793e-12   750_set1
3   19   25.000000   0.740000   0.737452   3524.094667  3.739842210000e-09   3.739842210000e-09    1.061220700176e-12   1.061220700176e-12   580_set1
3   19   25.000000   0.740000   0.737497   3526.087274  3.740050360000e-09   3.740050360000e-09    1.060680031257e-12   1.060680031257e-12   580_set2
3   19   25.000000   0.740000   0.739425   4817.697532  4.977957350000e-09   4.977957350000e-09    1.033264815181e-12   1.033264815181e-12   750_set2
3   19   25.000000   0.740000   0.739451   4818.344498  4.977882840000e-09   4.977882840000e-09    1.033110613420e-12   1.033110613420e-12   750_set1
3   19   25.000000   0.740000   0.739564   4817.936778  4.970836450000e-09   4.970836450000e-09    1.031735508174e-12   1.031735508174e-12   750_set3
3   20   25.000000   0.780000   0.776351   3407.028393  2.423857340000e-09   2.423857340000e-09    7.114285707099e-13   7.114285707099e-13   580_set1
3   20   25.000000   0.780000   0.776532   3403.924473  2.418411900000e-09   2.418411900000e-09    7.104775441356e-13   7.104775441356e-13   580_set2
3   20   25.000000   0.780000   0.779089   4427.517131  3.054814650000e-09   3.054814650000e-09    6.899611135576e-13   6.899611135576e-13   750_set3
3   20   25.000000   0.780000   0.779284   4424.641588  3.046436470000e-09   3.046436470000e-09    6.885159869812e-13   6.885159869812e-13   750_set2
3   20   25.000000   0.780000   0.779338   4419.105042  3.041887890000e-09   3.041887890000e-09    6.883493062711e-13   6.883493062711e-13   750_set1
3   21   25.000000   0.820000   0.815911   3298.733032  1.554247810000e-09   1.554247810000e-09    4.711650791145e-13   4.711650791145e-13   580_set1
3   21   25.000000   0.820000   0.815964   3295.550089  1.551399940000e-09   1.551399940000e-09    4.707559885612e-13   4.707559885612e-13   580_set2
3   21   25.000000   0.820000   0.818493   4140.833898  1.901326000000e-09   1.901326000000e-09    4.591650007788e-13   4.591650007788e-13   750_set2
3   21   25.000000   0.820000   0.818536   4141.259446  1.900480480000e-09   1.900480480000e-09    4.589136480777e-13   4.589136480777e-13   750_set1
3   21   25.000000   0.820000   0.818697   4138.708842  1.896072410000e-09   1.896072410000e-09    4.581313840584e-13   4.581313840584e-13   750_set3
3   22   25.000000   0.860000   0.855334   3191.750548  9.911084780000e-10   9.911084780000e-10    3.105219104986e-13   3.105219104986e-13   580_set1
3   22   25.000000   0.860000   0.856058   3187.678762  9.814543880000e-10   9.814543880000e-10    3.078899918335e-13   3.078899918335e-13   580_set2
3   22   25.000000   0.860000   0.857919   3932.720784  1.193520500000e-09   1.193520500000e-09    3.034846777976e-13   3.034846777976e-13   750_set3
3   22   25.000000   0.860000   0.857977   3930.275115  1.190799520000e-09   1.190799520000e-09    3.029812125506e-13   3.029812125506e-13   750_set1
3   22   25.000000   0.860000   0.858009   3936.115810  1.193745530000e-09   1.193745530000e-09    3.032800831132e-13   3.032800831132e-13   750_set2
3   23   25.000000   0.900000   0.894772   3070.551712  6.248959110000e-10   6.248959110000e-10    2.035125832787e-13   2.035125832787e-13   580_set1
3   23   25.000000   0.900000   0.895138   3074.196564  6.230100410000e-10   6.230100410000e-10    2.026578418230e-13   2.026578418230e-13   580_set2
3   23   25.000000   0.900000   0.897172   3767.030328  7.520515360000e-10   7.520515360000e-10    1.996404250877e-13   1.996404250877e-13   750_set2
3   23   25.000000   0.900000   0.897250   3766.312906  7.512884910000e-10   7.512884910000e-10    1.994758560297e-13   1.994758560297e-13   750_set1
3   23   25.000000   0.900000   0.897339   3772.569363  7.514337190000e-10   7.514337190000e-10    1.991835395711e-13   1.991835395711e-13   750_set3
3   24   25.000000   0.940000   0.933599   2969.297398  3.971854170000e-10   3.971854170000e-10    1.337641077204e-13   1.337641077204e-13   580_set1
3   24   25.000000   0.940000   0.935191   2958.617232  3.889443760000e-10   3.889443760000e-10    1.314615394628e-13   1.314615394628e-13   580_set2
3   24   25.000000   0.940000   0.936536   3629.479514  4.725415780000e-10   4.725415780000e-10    1.301954112641e-13   1.301954112641e-13   750_set3
3   24   25.000000   0.940000   0.936701   3630.872287  4.715461110000e-10   4.715461110000e-10    1.298713019151e-13   1.298713019151e-13   750_set2
3   24   25.000000   0.940000   0.936831   3630.951387  4.715144170000e-10   4.715144170000e-10    1.298597438369e-13   1.298597438369e-13   750_set1
3   25   25.000000   0.980000   0.969254   2866.857681  2.599644070000e-10   2.599644070000e-10    9.067921603605e-14   9.067921603605e-14   580_set1
3   25   25.000000   0.980000   0.969347   2866.108192  2.594238900000e-10   2.594238900000e-10    9.051433952288e-14   9.051433952288e-14   580_set2
3   25   25.000000   0.980000   0.976037   3486.376811  2.942750290000e-10   2.942750290000e-10    8.440712090315e-14   8.440712090315e-14   750_set1
3   25   25.000000   0.980000   0.976160   3487.351299  2.943729050000e-10   2.943729050000e-10    8.441160059912e-14   8.441160059912e-14   750_set2
3   25   25.000000   0.980000   0.976201   3496.293297  2.951564670000e-10   2.951564670000e-10    8.441982463349e-14   8.441982463349e-14   750_set3
3   26   25.000000   1.020000   1.015608   3351.339770  1.827344680000e-10   1.827344680000e-10    5.452579581330e-14   5.452579581330e-14   750_set2
3   26   25.000000   1.020000   1.015750   3353.106764  1.822974300000e-10   1.822974300000e-10    5.436672400569e-14   5.436672400569e-14   750_set3
3   26   25.000000   1.020000   1.015762   3351.756191  1.825692600000e-10   1.825692600000e-10    5.446973156646e-14   5.446973156646e-14   750_set1
3   27   25.000000   1.060000   1.054717   3222.692428  1.138472000000e-10   1.138472000000e-10    3.532673456854e-14   3.532673456854e-14   750_set1
3   27   25.000000   1.060000   1.054718   3216.598659  1.136197100000e-10   1.136197100000e-10    3.532293644471e-14   3.532293644471e-14   750_set3
3   27   25.000000   1.060000   1.055120   3225.268094  1.133533370000e-10   1.133533370000e-10    3.514539991602e-14   3.514539991602e-14   750_set2
3   28   25.000000   1.100000   1.093314   3094.006562  7.140974050000e-11   7.140974050000e-11    2.308002231703e-14   2.308002231703e-14   750_set2
3   28   25.000000   1.100000   1.093502   3094.969908  7.132801690000e-11   7.132801690000e-11    2.304643308991e-14   2.304643308991e-14   750_set1
3   28   25.000000   1.100000   1.094574   3095.805163  7.053650920000e-11   7.053650920000e-11    2.278454408017e-14   2.278454408017e-14   750_set3
3   29   25.000000   1.140000   1.131822   3001.283141  4.563463150000e-11   4.563463150000e-11    1.520504042974e-14   1.520504042974e-14   750_set2
3   29   25.000000   1.140000   1.132038   3001.102809  4.535636250000e-11   4.535636250000e-11    1.511323183064e-14   1.511323183064e-14   750_set1
3   29   25.000000   1.140000   1.132908   2994.528665  4.498154890000e-11   4.498154890000e-11    1.502124505460e-14   1.502124505460e-14   750_set3
3   30   25.000000   1.180000   1.168891   2919.738263  2.993915400000e-11   2.993915400000e-11    1.025405406348e-14   1.025405406348e-14   750_set3
3   30   25.000000   1.180000   1.172419   2875.746920  2.847239740000e-11   2.847239740000e-11    9.900870345016e-15   9.900870345016e-15   750_set2
