%auto-ignore
# Misak Sargsian (MS CD-Bonn) theoretical cross sections and reduced cross sections as a function of missing momentum
# 
# theta_nq = 45 (deg)
#
# header definitions
#
# pm_bin               : missig momentum bin center (GeV/c) (bin width from center is +/- 0.02 GeV)
# pm_avg               : average missing momentum over pm_bin (GeV/c)
# theory_pwbaXsec      : theoretical cross section using the MS CD-Bonn PWBA model ( nb / (MeV Sr^2) ) 
# theory_fsiXsec       : theoretical cross section using the MS CD-Bonn FSI model ( nb / (MeV Sr^2) )
# theory_red_pwbaXsec  : theoretical reduced cross section using the MS CD-Bonn PWBA model (fm^3) 
# theory_red_fsiXsec   : theoretical reduced cross section using the MS CD-Bonn FSI model (fm^3)
#
# common values for pm_bin indicate kinematic settings that contribute to the same missing momentum bin and are used in averaging
#
#! pm_bin[f,0]/ pm_avg[f,1]/ theory_pwbaXsec[f,2]/ theory_fsiXsec[f,3]/  theory_red_pwbaXsec[f,4]/ theory_red_fsiXsec[f,5]/  
0.02000  0.03147  1.75102E+00  1.68858E+00  5.52891E+00  5.33175E+00 
0.06000  0.06241  4.11076E-01  3.87754E-01  1.34844E+00  1.27194E+00 
0.10000  0.09921  8.32786E-02  7.56545E-02  2.89849E-01  2.63313E-01 
0.14000  0.13844  1.95495E-02  1.68107E-02  7.32054E-02  6.29498E-02 
0.18000  0.17838  5.58727E-03  4.48111E-03  2.21530E-02  1.77672E-02 
0.22000  0.21825  1.86483E-03  1.44950E-03  7.82305E-03  6.08074E-03 
0.26000  0.25782  7.13805E-04  5.34671E-04  3.15436E-03  2.36276E-03 
0.30000  0.29790  3.03686E-04  2.17229E-04  1.40848E-03  1.00750E-03 
0.34000  0.33797  1.45312E-04  1.12258E-04  6.98639E-04  5.39719E-04 
0.38000  0.37827  7.65033E-05  6.35100E-05  3.78162E-04  3.13935E-04 
0.42000  0.41804  4.37820E-05  3.91311E-05  2.21623E-04  1.98080E-04 
0.42000  0.42984  1.75189E-04  1.47593E-04  1.99796E-04  1.68324E-04 
0.42000  0.43176  1.72476E-04  1.46315E-04  1.95159E-04  1.65558E-04 
0.46000  0.45749  2.67315E-05  2.61110E-05  1.37235E-04  1.34049E-04 
0.46000  0.46616  1.08911E-04  9.60671E-05  1.31086E-04  1.15627E-04 
0.46000  0.46672  1.08556E-04  9.60555E-05  1.30267E-04  1.15267E-04 
0.50000  0.49769  1.68959E-05  1.82444E-05  8.72340E-05  9.41960E-05 
0.50000  0.50338  7.00248E-05  6.55416E-05  8.73762E-05  8.17821E-05 
0.50000  0.50342  6.98589E-05  6.50123E-05  8.73701E-05  8.13086E-05 
0.54000  0.53717  1.10144E-05  1.35795E-05  5.71423E-05  7.04503E-05 
0.54000  0.54169  4.54603E-05  4.53887E-05  5.85951E-05  5.85028E-05 
0.54000  0.54183  4.52367E-05  4.53592E-05  5.85005E-05  5.86590E-05 
0.54000  0.55082  5.44208E-05  5.24211E-05  5.30804E-05  5.11300E-05 
0.54000  0.55292  5.38548E-05  5.16199E-05  5.19614E-05  4.98051E-05 
0.54000  0.55327  5.36804E-05  5.19184E-05  5.17800E-05  5.00804E-05 
0.58000  0.57607  7.38641E-06  1.02383E-05  3.81309E-05  5.28531E-05 
0.58000  0.58074  2.96432E-05  3.08217E-05  3.93692E-05  4.09344E-05 
0.58000  0.58080  2.96494E-05  3.20421E-05  3.93456E-05  4.25208E-05 
0.58000  0.58594  3.63706E-05  3.65521E-05  3.72238E-05  3.74095E-05 
0.58000  0.58617  3.61871E-05  3.68640E-05  3.71333E-05  3.78278E-05 
0.58000  0.58675  3.58570E-05  3.60941E-05  3.69124E-05  3.71566E-05 
0.62000  0.61533  5.03138E-06  7.69795E-06  2.55648E-05  3.91138E-05 
0.62000  0.62006  1.93230E-05  2.30817E-05  2.65154E-05  3.16733E-05 
0.62000  0.62014  1.93258E-05  2.25698E-05  2.64913E-05  3.09381E-05 
0.62000  0.62354  2.37057E-05  2.59372E-05  2.55464E-05  2.79511E-05 
0.62000  0.62355  2.37819E-05  2.59816E-05  2.55382E-05  2.79003E-05 
0.62000  0.62367  2.36949E-05  2.59660E-05  2.55120E-05  2.79574E-05 
0.66000  0.65135  3.52268E-06  6.29310E-06  1.77347E-05  3.16822E-05 
0.66000  0.65942  1.26123E-05  1.65008E-05  1.78581E-05  2.33638E-05 
0.66000  0.65966  1.25912E-05  1.64164E-05  1.78153E-05  2.32275E-05 
0.66000  0.66198  1.56262E-05  1.86801E-05  1.73794E-05  2.07758E-05 
0.66000  0.66203  1.56256E-05  1.87672E-05  1.73700E-05  2.08625E-05 
0.66000  0.66209  1.56168E-05  1.88871E-05  1.73627E-05  2.09986E-05 
0.70000  0.68032  2.78109E-06  5.42160E-06  1.33966E-05  2.61159E-05 
0.70000  0.69900  8.18064E-06  1.17966E-05  1.19867E-05  1.72849E-05 
0.70000  0.69923  8.16480E-06  1.15999E-05  1.19567E-05  1.69871E-05 
0.70000  0.70112  1.02233E-05  1.39136E-05  1.17244E-05  1.59566E-05 
0.70000  0.70115  1.02215E-05  1.39565E-05  1.17182E-05  1.60000E-05 
0.70000  0.70116  1.02181E-05  1.38005E-05  1.17185E-05  1.58269E-05 
0.74000  0.73897  5.27174E-06  8.75425E-06  7.97903E-06  1.32500E-05 
0.74000  0.73906  5.25487E-06  8.75463E-06  7.97297E-06  1.32830E-05 
0.74000  0.74029  6.67626E-06  1.01261E-05  7.87553E-06  1.19451E-05 
0.74000  0.74038  6.66676E-06  1.01616E-05  7.86842E-06  1.19932E-05 
0.74000  0.74045  6.66372E-06  1.02381E-05  7.86289E-06  1.20805E-05 
0.78000  0.77875  3.39548E-06  6.33288E-06  5.30088E-06  9.88663E-06 
0.78000  0.77880  3.39487E-06  6.42957E-06  5.29833E-06  1.00346E-05 
0.78000  0.77979  4.33319E-06  7.50920E-06  5.24818E-06  9.09483E-06 
0.78000  0.77983  4.33043E-06  7.56680E-06  5.24443E-06  9.16389E-06 
0.78000  0.77985  4.32318E-06  7.54662E-06  5.24374E-06  9.15355E-06 
0.82000  0.81856  2.17781E-06  4.94394E-06  3.49844E-06  7.94198E-06 
0.82000  0.81865  2.17808E-06  4.93743E-06  3.49391E-06  7.92026E-06 
0.82000  0.81941  2.79319E-06  5.81642E-06  3.47091E-06  7.22768E-06 
0.82000  0.81946  2.78846E-06  5.84092E-06  3.46845E-06  7.26527E-06 
0.82000  0.81958  2.78680E-06  5.80274E-06  3.46432E-06  7.21350E-06 
0.86000  0.85836  1.39222E-06  3.87949E-06  2.29392E-06  6.39213E-06 
0.86000  0.85837  1.39224E-06  3.76732E-06  2.29611E-06  6.21314E-06 
0.86000  0.85912  1.78310E-06  4.60960E-06  2.27909E-06  5.89181E-06 
0.86000  0.85916  1.78210E-06  4.58683E-06  2.27849E-06  5.86445E-06 
0.86000  0.85933  1.77942E-06  4.55733E-06  2.27343E-06  5.82256E-06 
0.90000  0.89814  8.89487E-07  3.11452E-06  1.49588E-06  5.23780E-06 
0.90000  0.89823  8.88764E-07  3.14188E-06  1.49484E-06  5.28442E-06 
0.90000  0.89880  1.13474E-06  3.48904E-06  1.48762E-06  4.57406E-06 
0.90000  0.89880  1.13627E-06  3.57702E-06  1.48773E-06  4.68343E-06 
0.90000  0.89887  1.13555E-06  3.43308E-06  1.48618E-06  4.49313E-06 
0.94000  0.93788  5.68477E-07  2.23986E-06  9.70205E-07  3.82271E-06 
0.94000  0.93807  5.66859E-07  2.36124E-06  9.67449E-07  4.02989E-06 
0.94000  0.93849  7.19491E-07  2.66459E-06  9.64464E-07  3.57182E-06 
0.94000  0.93861  7.19389E-07  2.68348E-06  9.63649E-07  3.59462E-06 
0.94000  0.93867  7.17754E-07  2.64454E-06  9.62729E-07  3.54714E-06 
0.98000  0.97769  3.62275E-07  1.76753E-06  6.24885E-07  3.04880E-06 
0.98000  0.97787  3.61652E-07  1.73074E-06  6.23511E-07  2.98390E-06 
0.98000  0.97838  4.52589E-07  2.40843E-06  6.20465E-07  3.30177E-06 
0.98000  0.97839  4.52427E-07  2.27296E-06  6.20236E-07  3.11601E-06 
0.98000  0.97855  4.51309E-07  2.17666E-06  6.19569E-07  2.98817E-06 
1.02000  1.01762  2.31552E-07  1.43411E-06  4.00333E-07  2.47945E-06 
1.02000  1.01771  2.29186E-07  1.29466E-06  3.99183E-07  2.25497E-06 
1.02000  1.01813  2.84507E-07  1.50159E-06  3.98097E-07  2.10110E-06 
1.02000  1.01816  2.84531E-07  1.55999E-06  3.98030E-07  2.18227E-06 
1.02000  1.01816  2.84208E-07  1.48383E-06  3.97602E-07  2.07585E-06 
1.06000  1.05717  1.47144E-07  1.00512E-06  2.56553E-07  1.75248E-06 
1.06000  1.05722  1.47439E-07  9.97699E-07  2.56348E-07  1.73467E-06 
1.06000  1.05796  1.78006E-07  1.11233E-06  2.54590E-07  1.59090E-06 
1.06000  1.05802  1.77499E-07  1.05938E-06  2.54323E-07  1.51790E-06 
1.06000  1.05808  1.77221E-07  1.10589E-06  2.53881E-07  1.58425E-06 
1.10000  1.09708  9.40423E-08  7.90121E-07  1.63728E-07  1.37560E-06 
1.10000  1.09732  9.31524E-08  7.25989E-07  1.63400E-07  1.27347E-06 
1.10000  1.09769  1.11126E-07  8.11129E-07  1.63069E-07  1.19027E-06 
1.10000  1.09769  1.11166E-07  8.11869E-07  1.63079E-07  1.19100E-06 
1.10000  1.09775  1.11010E-07  8.01164E-07  1.62667E-07  1.17398E-06 
1.14000  1.13612  6.05744E-08  5.28268E-07  1.06284E-07  9.26901E-07 
1.14000  1.13685  5.98924E-08  5.34524E-07  1.05223E-07  9.39090E-07 
1.14000  1.13739  7.01445E-08  5.58128E-07  1.04743E-07  8.33419E-07 
1.14000  1.13741  6.99811E-08  5.54255E-07  1.04787E-07  8.29918E-07 
1.14000  1.13750  6.98276E-08  5.54152E-07  1.04508E-07  8.29372E-07 
1.18000  1.17279  3.99917E-08  3.66982E-07  7.11693E-08  6.53082E-07 
1.18000  1.17283  4.01551E-08  3.64943E-07  7.11236E-08  6.46395E-07 
1.18000  1.17310  4.64345E-08  4.03385E-07  7.07914E-08  6.14978E-07 
1.18000  1.17315  4.63937E-08  4.01584E-07  7.06620E-08  6.11650E-07 
1.18000  1.17318  4.61476E-08  3.91167E-07  7.06419E-08  5.98791E-07 
