#This file contains updated Xsec and Reduced Xsec
#Xsec Units: ub * MeV^-1 *sr^-2
#Ksigcc1 Units: (ub * MeV^2 * sr^-2
#Red Xsec Units: MeV^-3
#!xb[i,0]/  yb[i,1]/   thnq_bin[f,2]/   pm_bin[f,3]/  pm_avg[f,4]/   Ksigcc1[f,5]/   pwiaXsec_theory[f,6]/    fsiXsec_theory[f,7]/   red_pwiaXsec_theory[f,8]/    red_fsiXsec_theory[f,9]/   setting[s,10]/
5   1   45.000000   0.020000   0.031473   2455.173824  1.751023560000e-03   1.688582150000e-03    7.131973886668e-07   6.877648065052e-07   80
5   2   45.000000   0.060000   0.062411   2359.474866  4.110759280000e-04   3.877538450000e-04    1.742234824891e-07   1.643390444999e-07   80
5   3   45.000000   0.100000   0.099207   2219.312705  8.327856450000e-05   7.565447240000e-05    3.752448418485e-08   3.408914490939e-08   80
5   4   45.000000   0.140000   0.138440   2058.377840  1.954949190000e-05   1.681073760000e-05    9.497523496464e-09   8.166983375608e-09   80
5   5   45.000000   0.180000   0.178375   1940.771260  5.587268830000e-06   4.481106760000e-06    2.878890956990e-09   2.308930914404e-09   80
5   6   45.000000   0.220000   0.218252   1831.274308  1.864825610000e-06   1.449499850000e-06    1.018321286906e-09   7.915252475655e-10   80
5   7   45.000000   0.260000   0.257816   1735.536336  7.138050790000e-07   5.346714260000e-07    4.112878907768e-10   3.080727351594e-10   80
5   8   45.000000   0.300000   0.297900   1650.915650  3.036864400000e-07   2.172289340000e-07    1.839503066071e-10   1.315808799801e-10   80
5   9   45.000000   0.340000   0.337974   1590.307526  1.453122500000e-07   1.122579130000e-07    9.137367938231e-11   7.058880824287e-11   80
5   10   45.000000   0.380000   0.378275   1544.947231  7.650332150000e-08   6.351003050000e-08    4.951840423086e-11   4.110821989622e-11   80
5   11   45.000000   0.420000   0.418040   1507.111234  4.378202190000e-08   3.913106020000e-08    2.905029231572e-11   2.596428141282e-11   80
5   11   45.000000   0.420000   0.429843   6785.050250  1.751887800000e-07   1.475931110000e-07    2.581982056802e-11   2.175269239900e-11   580_set1
5   11   45.000000   0.420000   0.431761   6838.855624  1.724763810000e-07   1.463154260000e-07    2.522006465449e-11   2.139472362694e-11   580_set2
5   12   45.000000   0.460000   0.457495   1484.778632  2.673154140000e-08   2.611098620000e-08    1.800372178309e-11   1.758577719079e-11   80
5   12   45.000000   0.460000   0.466157   6417.771327  1.089112390000e-07   9.606713800000e-08    1.697025859145e-11   1.496892505282e-11   580_set1
5   12   45.000000   0.460000   0.466716   6437.219014  1.085557420000e-07   9.605545550000e-08    1.686376395830e-11   1.492188712099e-11   580_set2
5   13   45.000000   0.500000   0.497689   1475.400260  1.689593120000e-08   1.824437080000e-08    1.145176102924e-11   1.236570935673e-11   80
5   13   45.000000   0.500000   0.503380   6181.140019  7.002482560000e-08   6.554158780000e-08    1.132878811752e-11   1.060347890495e-11   580_set2
5   13   45.000000   0.500000   0.503416   6166.746131  6.985889380000e-08   6.501232090000e-08    1.132832328687e-11   1.054240267378e-11   580_set1
5   14   45.000000   0.540000   0.537166   1467.423517  1.101437400000e-08   1.357952600000e-08    7.505927138552e-12   9.253992349640e-12   80
5   14   45.000000   0.540000   0.541691   5975.229226  4.546026140000e-08   4.538871720000e-08    7.608120070472e-12   7.596146605138e-12   580_set1
5   14   45.000000   0.540000   0.541831   5955.192562  4.523666200000e-08   4.535917940000e-08    7.596171161392e-12   7.616744366830e-12   580_set2
5   14   45.000000   0.540000   0.550824   7917.370487  5.442077670000e-08   5.242113020000e-08    6.873592285388e-12   6.621027812968e-12   750_set3
5   14   45.000000   0.540000   0.552924   8004.008704  5.385478960000e-08   5.161988740000e-08    6.728477140846e-12   6.449254281071e-12   750_set2
5   14   45.000000   0.540000   0.553267   8005.991620  5.368038270000e-08   5.191842840000e-08    6.705026091446e-12   6.484946633007e-12   750_set1
5   15   45.000000   0.580000   0.576070   1474.100466  7.386406880000e-09   1.023826930000e-08    5.010789325671e-12   6.945435223816e-12   80
5   15   45.000000   0.580000   0.580739   5791.200602  2.964319850000e-08   3.082173500000e-08    5.118662007626e-12   5.322166700521e-12   580_set1
5   15   45.000000   0.580000   0.580799   5795.902981  2.964938060000e-08   3.204209360000e-08    5.115575726025e-12   5.528404064913e-12   580_set2
5   15   45.000000   0.580000   0.585936   7534.302932  3.637059410000e-08   3.655212000000e-08    4.827333653592e-12   4.851426911009e-12   750_set2
5   15   45.000000   0.580000   0.586168   7514.325305  3.618714210000e-08   3.686395660000e-08    4.815753994031e-12   4.905823890200e-12   750_set1
5   15   45.000000   0.580000   0.586750   7489.920390  3.585695100000e-08   3.609412910000e-08    4.787360763924e-12   4.819027068457e-12   750_set3
5   16   45.000000   0.620000   0.615329   1497.144171  5.031376150000e-09   7.697945460000e-09    3.360649059362e-12   5.141752951460e-12   80
5   16   45.000000   0.620000   0.620062   5597.688574  1.932297460000e-08   2.308174970000e-08    3.451955989433e-12   4.123442988095e-12   580_set2
5   16   45.000000   0.620000   0.620139   5603.679751  1.932580210000e-08   2.256980350000e-08    3.448769908122e-12   4.027675474490e-12   580_set1
5   16   45.000000   0.620000   0.623541   7144.643212  2.370572650000e-08   2.593718470000e-08    3.317972052150e-12   3.630298103121e-12   750_set2
5   16   45.000000   0.620000   0.623554   7170.150972  2.378190680000e-08   2.598157150000e-08    3.316793034466e-12   3.623573841257e-12   750_set3
5   16   45.000000   0.620000   0.623672   7151.026954  2.369486910000e-08   2.596604640000e-08    3.313491789700e-12   3.631093347435e-12   750_set1
5   17   45.000000   0.660000   0.651351   1510.577157  3.522682470000e-09   6.293098910000e-09    2.332010949375e-12   4.166022821700e-12   80
5   17   45.000000   0.660000   0.659422   5418.456571  1.261233630000e-08   1.650076360000e-08    2.327662155216e-12   3.045288521516e-12   580_set1
5   17   45.000000   0.660000   0.659659   5422.392534  1.259124650000e-08   1.641642120000e-08    2.322083180266e-12   3.027523569543e-12   580_set2
5   17   45.000000   0.660000   0.661977   6914.093245  1.562624800000e-08   1.868010870000e-08    2.260057457469e-12   2.701743820639e-12   750_set1
5   17   45.000000   0.660000   0.662033   6917.532692  1.562557180000e-08   1.876724700000e-08    2.258835989033e-12   2.712997225399e-12   750_set2
5   17   45.000000   0.660000   0.662089   6916.506684  1.561679600000e-08   1.888706160000e-08    2.257902249430e-12   2.730722670115e-12   750_set3
5   18   45.000000   0.700000   0.680319   1578.358472  2.781093120000e-09   5.421596580000e-09    1.762016151170e-12   3.434958962858e-12   80
5   18   45.000000   0.700000   0.699000   5229.996266  8.180635050000e-09   1.179659460000e-08    1.564176078515e-12   2.255564631411e-12   580_set1
5   18   45.000000   0.700000   0.699230   5232.984376  8.164803500000e-09   1.159994120000e-08    1.560257572609e-12   2.216697082682e-12   580_set2
5   18   45.000000   0.700000   0.701116   6697.207689  1.022326850000e-08   1.391355510000e-08    1.526497157433e-12   2.077515846321e-12   750_set2
5   18   45.000000   0.700000   0.701154   6699.632555  1.022151670000e-08   1.395645740000e-08    1.525683179799e-12   2.083167589480e-12   750_set3
5   18   45.000000   0.700000   0.701156   6697.211696  1.021813970000e-08   1.380047570000e-08    1.525730432876e-12   2.060630054182e-12   750_set1
5   19   45.000000   0.740000   0.738971   5057.692255  5.271736530000e-09   8.754245940000e-09    1.042320541506e-12   1.730877542291e-12   580_set2
5   19   45.000000   0.740000   0.739059   5045.221055  5.254873540000e-09   8.754627780000e-09    1.041554667816e-12   1.735231753884e-12   580_set1
5   19   45.000000   0.740000   0.740294   6503.829160  6.676256190000e-09   1.012611110000e-08    1.026511617350e-12   1.556946046842e-12   750_set3
5   19   45.000000   0.740000   0.740385   6500.394506  6.666756700000e-09   1.016159260000e-08    1.025592630393e-12   1.563227061161e-12   750_set1
5   19   45.000000   0.740000   0.740451   6502.007085  6.663721050000e-09   1.023812410000e-08    1.024871391693e-12   1.574609803736e-12   750_set2
5   20   45.000000   0.780000   0.778751   4898.646015  3.395481970000e-09   6.332882210000e-09    6.931470368757e-13   1.292782166870e-12   580_set1
5   20   45.000000   0.780000   0.778797   4900.116855  3.394867990000e-09   6.429573520000e-09    6.928136798485e-13   1.312126569684e-12   580_set2
5   20   45.000000   0.780000   0.779794   6327.973360  4.333191550000e-09   7.509202230000e-09    6.847676662785e-13   1.186667800700e-12   750_set1
5   20   45.000000   0.780000   0.779834   6328.458114  4.330426920000e-09   7.566796150000e-09    6.842783569066e-13   1.195677685416e-12   750_set2
5   20   45.000000   0.780000   0.779850   6318.605314  4.323184490000e-09   7.546616250000e-09    6.841991666137e-13   1.194348416300e-12   750_set3
5   21   45.000000   0.820000   0.818555   4756.381407  2.177806340000e-09   4.943943580000e-09    4.578704173713e-13   1.039433795768e-12   580_set1
5   21   45.000000   0.820000   0.818650   4763.193776  2.178076190000e-09   4.937426650000e-09    4.572722195294e-13   1.036579001862e-12   580_set2
5   21   45.000000   0.820000   0.819405   6161.647373  2.793186580000e-09   5.816415880000e-09    4.533181486885e-13   9.439709103587e-13   750_set1
5   21   45.000000   0.820000   0.819459   6155.534001  2.788457790000e-09   5.840915260000e-09    4.530001441868e-13   9.488884732098e-13   750_set3
5   21   45.000000   0.820000   0.819575   6159.209872  2.786798640000e-09   5.802744530000e-09    4.524604126040e-13   9.421248261696e-13   750_set2
5   22   45.000000   0.860000   0.858362   4633.474728  1.392218980000e-09   3.879492870000e-09    3.004697471612e-13   8.372750684397e-13   580_set2
5   22   45.000000   0.860000   0.858374   4629.060045  1.392237960000e-09   3.767316930000e-09    3.007604019965e-13   8.138405839149e-13   580_set1
5   22   45.000000   0.860000   0.859119   5984.668749  1.783100310000e-09   4.609604370000e-09    2.979446958193e-13   7.702355073153e-13   750_set1
5   22   45.000000   0.860000   0.859156   5982.869587  1.782099130000e-09   4.586826540000e-09    2.978669523187e-13   7.666599569488e-13   750_set2
5   22   45.000000   0.860000   0.859334   5987.178850  1.779417040000e-09   4.557332960000e-09    2.972045907732e-13   7.611820315005e-13   750_set3
5   23   45.000000   0.900000   0.898139   4536.269694  8.894866330000e-10   3.114516150000e-09    1.960832783325e-13   6.865809045965e-13   580_set1
5   23   45.000000   0.900000   0.898232   4535.713278  8.887639850000e-10   3.141880970000e-09    1.959480087313e-13   6.926983205132e-13   580_set2
5   23   45.000000   0.900000   0.898801   5829.672679  1.134738560000e-09   3.489036350000e-09    1.946487603134e-13   5.984960978287e-13   750_set1
5   23   45.000000   0.900000   0.898801   5837.152710  1.136271520000e-09   3.577018390000e-09    1.946619484622e-13   6.128019203390e-13   750_set2
5   23   45.000000   0.900000   0.898871   5839.554515  1.135548460000e-09   3.433078530000e-09    1.944580630394e-13   5.879007587277e-13   750_set3
5   24   45.000000   0.940000   0.937884   4466.962175  5.684765060000e-10   2.239857800000e-09    1.272624400497e-13   5.014275277583e-13   580_set2
5   24   45.000000   0.940000   0.938075   4466.935695  5.668589150000e-10   2.361240560000e-09    1.269010690336e-13   5.286041083249e-13   580_set1
5   24   45.000000   0.940000   0.938488   5696.657156  7.194912760000e-10   2.664585600000e-09    1.263006103926e-13   4.677454737106e-13   750_set3
5   24   45.000000   0.940000   0.938611   5700.674246  7.193888890000e-10   2.683478170000e-09    1.261936497257e-13   4.707299617906e-13   750_set1
5   24   45.000000   0.940000   0.938669   5693.097798  7.177544760000e-10   2.644542140000e-09    1.260745031031e-13   4.645172512106e-13   750_set2
5   25   45.000000   0.980000   0.977691   4416.945018  3.622745860000e-10   1.767526500000e-09    8.201926547051e-14   4.001694593881e-13   580_set2
5   25   45.000000   0.980000   0.977870   4419.090612  3.616522010000e-10   1.730738090000e-09    8.183860272472e-14   3.916502832733e-13   580_set1
5   25   45.000000   0.980000   0.978379   5565.705393  4.525894470000e-10   2.408425090000e-09    8.131753570162e-14   4.327259385718e-13   750_set2
5   25   45.000000   0.980000   0.978391   5565.781280  4.524270770000e-10   2.272955370000e-09    8.128725406903e-14   4.083802894245e-13   750_set3
5   25   45.000000   0.980000   0.978554   5557.917359  4.513086460000e-10   2.176655690000e-09    8.120103572055e-14   3.916315319938e-13   750_set1
5   26   45.000000   1.020000   1.017623   4404.047487  2.315518800000e-10   1.434112080000e-09    5.257706250523e-14   3.256350173865e-13   580_set2
5   26   45.000000   1.020000   1.017715   4371.432944  2.291857820000e-10   1.294658400000e-09    5.242806762359e-14   2.961633900337e-13   580_set1
5   26   45.000000   1.020000   1.018126   5448.905075  2.845068520000e-10   1.501588030000e-09    5.221358201033e-14   2.755761037001e-13   750_set2
5   26   45.000000   1.020000   1.018160   5450.267471  2.845311540000e-10   1.559989180000e-09    5.220498911548e-14   2.862224997765e-13   750_set3
5   26   45.000000   1.020000   1.018164   5449.953893  2.842078680000e-10   1.483828410000e-09    5.214867383833e-14   2.722643969348e-13   750_set1
5   27   45.000000   1.060000   1.057169   4364.361017  1.471437570000e-10   1.005117200000e-09    3.371484540964e-14   2.303011130575e-13   580_set2
5   27   45.000000   1.060000   1.057219   4376.668595  1.474394810000e-10   9.976986330000e-10    3.368760457861e-14   2.279584600351e-13   580_set1
5   27   45.000000   1.060000   1.057962   5326.905769  1.780057060000e-10   1.112332100000e-09    3.341634219173e-14   2.088139246752e-13   750_set2
5   27   45.000000   1.060000   1.058017   5317.262018  1.774985870000e-10   1.059378960000e-09    3.338157615689e-14   1.992339208438e-13   750_set1
5   27   45.000000   1.060000   1.058079   5318.187679  1.772211400000e-10   1.105885950000e-09    3.332359643865e-14   2.079441375051e-13   750_set3
5   28   45.000000   1.100000   1.097084   4368.180504  9.404230510000e-11   7.901205100000e-10    2.152894208787e-14   1.808809203916e-13   580_set1
5   28   45.000000   1.100000   1.097317   4335.399889  9.315236820000e-11   7.259887640000e-10    2.148645351871e-14   1.674560092696e-13   580_set2
5   28   45.000000   1.100000   1.097686   5188.175876  1.111259330000e-10   8.111285860000e-10    2.141907592494e-14   1.563417673931e-13   750_set1
5   28   45.000000   1.100000   1.097692   5189.745682  1.111660240000e-10   8.118694530000e-10    2.142032207581e-14   1.564372327176e-13   750_set2
5   28   45.000000   1.100000   1.097746   5195.575441  1.110098460000e-10   8.011642490000e-10    2.136622733335e-14   1.542012541436e-13   750_set3
5   29   45.000000   1.140000   1.136118   4331.683250  6.057439900000e-11   5.282675270000e-10    1.398403241973e-14   1.219543296477e-13   580_set1
5   29   45.000000   1.140000   1.136849   4326.023145  5.989235070000e-11   5.345243260000e-10    1.384466719029e-14   1.235602094773e-13   580_set2
5   29   45.000000   1.140000   1.137391   5095.060979  7.014454600000e-11   5.581282890000e-10    1.376716516036e-14   1.095430047453e-13   750_set3
5   29   45.000000   1.140000   1.137409   5081.010272  6.998111350000e-11   5.542552100000e-10    1.377307065991e-14   1.090836625650e-13   750_set1
5   29   45.000000   1.140000   1.137505   5083.413001  6.982763440000e-11   5.541524150000e-10    1.373636853552e-14   1.090118813661e-13   750_set2
5   30   45.000000   1.180000   1.172794   4268.378049  3.999165350000e-11   3.669817820000e-10    9.369285719518e-15   8.597686938390e-14   580_set2
5   30   45.000000   1.180000   1.172829   4288.569082  4.015508240000e-11   3.649425930000e-10    9.363282165266e-15   8.509658723506e-14   580_set1
5   30   45.000000   1.180000   1.173097   4987.435724  4.643448120000e-11   4.033854060000e-10    9.310291654798e-15   8.088032173705e-14   750_set1
5   30   45.000000   1.180000   1.173149   4992.178483  4.639367030000e-11   4.015837910000e-10    9.293271556293e-15   8.044259482459e-14   750_set2
5   30   45.000000   1.180000   1.173183   4967.100051  4.614761200000e-11   3.911670060000e-10    9.290654813911e-15   7.875158583151e-14   750_set3
