#This datafile contains ratio of J.W.V.Orden to Misak calculations using different fofa parametrizations
#Units: pm_avg [GeV/c],   theta_nq = 35 +\- 5 deg 
#R_av18_GK_pwia = redXsec_av18_GK / redXsec_av18_jjk, R_av18_amt_pwia = redXsec_av18_amt / redXsec_av18_jjk, same for CD-Bonn 
#!pm_avg[f,0]/ R_av18_GK_pwia[f,1]/ R_av18_amt_pwia[f,2]/ R_cd_GK_pwia[f,3]/ R_cd_amt_pwia[f,4]/  R_av18_GK2amt_pwia[f,5]/ R_cd_GK2amt_pwia[f,6]/ R_wjc2_GK2amt_pwia[f,7]/ 
0.03181 1.23287  7.60762  1.27872  7.64772  -5.92407  -5.91652  -5.92196
0.06217 -2.86300  3.34476  -2.86123  3.34432  -6.00685  -6.00473  -6.00000
0.09914 -0.65663  5.82290  -0.69844  5.78203  -6.12299  -6.12624  -6.12360
0.13875 -0.28032  6.36650  -0.33097  6.31120  -6.24897  -6.24785  -6.25031
0.17780 -0.38906  6.35215  -0.43344  6.30425  -6.33858  -6.33812  -6.33815
0.21766 0.27126  7.12950  0.18781  7.04270  -6.40183  -6.40388  -6.39966
0.25754 0.60845  7.56359  0.51918  7.46556  -6.46607  -6.46382  -6.46561
0.29743 1.83133  8.93722  1.74937  8.84702  -6.52292  -6.52076  -6.52309
0.33737 3.24800  10.52014  3.21003  10.47264  -6.57992  -6.57413  -6.57484
0.37612 0.07600  7.17146  -0.46630  6.59316  -6.62066  -6.62280  -6.61670
0.42406 16.35736  24.25111  22.98943  31.39533  -6.35306  -6.39741  -6.35609
0.46420 5.49146  12.04307  5.35912  11.89284  -5.84741  -5.83927  -5.84333
0.50193 6.13594  12.81959  6.27175  12.95328  -5.92419  -5.91531  -5.92139
0.54070 3.97160  10.61127  3.96097  10.59539  -6.00270  -5.99883  -6.01287
0.58204 3.50928  10.07968  3.45420  10.01220  -5.96877  -5.96115  -5.96961
0.62089 2.97489  9.57421  2.78740  9.36263  -6.02269  -6.01231  -6.02463
0.66007 2.45423  9.15056  2.15274  8.82051  -6.13495  -6.12731  -6.13896
0.69960 1.65830  8.35611  1.18656  7.84137  -6.18129  -6.17092  -6.18771
0.73908 0.60823  7.32694  -0.05982  6.59256  -6.26004  -6.24094  -6.26279
0.77906 -0.36575  6.32329  -1.14402  5.46527  -6.29122  -6.26679  -6.29341
0.81867 -1.47073  5.25958  -2.38681  4.25351  -6.39400  -6.36939  -6.39565
0.85839 -2.81980  3.87087  -3.82162  2.77695  -6.44134  -6.42029  -6.45765
0.89856 -3.96561  2.62406  -5.08038  1.40346  -6.42117  -6.39410  -6.43955
0.93832 -5.35627  1.19074  -6.49774  -0.06075  -6.46997  -6.44090  -6.49116
0.97811 -6.81316  -0.32950  -7.97694  -1.60227  -6.50510  -6.47847  -6.53101
1.01788 -8.40862  -1.99601  -9.62118  -3.32506  -6.54322  -6.51267  -6.56703
1.05771 -10.44785  -4.15774  -11.75945  -5.57244  -6.56298  -6.55212  -6.59740
1.09702 -2.71071  4.13845  -2.94590  3.88253  -6.57698  -6.57322  -6.61516
1.13730 -12.90778  -6.73989  -14.33240  -8.25147  -6.61365  -6.62782  -6.65466
1.17326 -15.71520  -9.73153  -16.65136  -10.69108  -6.62875  -6.67379  -6.67708
