#This datafile contains ratio of J.W.V.Orden to Misak calculations using different fofa parametrizations
#Units: pm_avg [GeV/c],   theta_nq = 45 +\- 5 deg 
#R_av18_GK_pwia = redXsec_av18_GK / redXsec_av18_jjk, R_av18_amt_pwia = redXsec_av18_amt / redXsec_av18_jjk, same for CD-Bonn 
#!pm_avg[f,0]/ R_av18_GK_pwia[f,1]/ R_av18_amt_pwia[f,2]/ R_cd_GK_pwia[f,3]/ R_cd_amt_pwia[f,4]/ R_av18_GK2amt_pwia[f,5]/ R_cd_GK2amt_pwia[f,6]/ R_wjc2_GK2amt_pwia[f,7]/
0.03147 -0.72308  5.51084  -0.67959  5.55792  -5.90833  -5.90908  -5.91054
0.06241 -3.29972  2.85842  -3.29340  2.86289  -5.98701  -5.98495  -5.99286
0.09921 -0.49930  5.94175  -0.53797  5.90104  -6.07981  -6.08022  -6.07994
0.13844 -2.17839  4.24912  -2.19791  4.23100  -6.16553  -6.16795  -6.16396
0.17838 0.13371  6.78445  0.09227  6.73668  -6.22819  -6.22505  -6.22992
0.21825 1.46457  8.26769  1.37250  8.17304  -6.28362  -6.28672  -6.29121
0.25782 1.53033  8.41430  1.43323  8.30849  -6.34969  -6.34784  -6.34756
0.29790 3.31242  10.38018  3.22821  10.29932  -6.40310  -6.41084  -6.41483
0.33797 4.05148  11.23917  4.04047  11.22850  -6.46148  -6.46241  -6.45708
0.37827 4.69191  11.97426  4.68583  11.97077  -6.50359  -6.50612  -6.50242
0.43176 4.86805  11.20702  4.66710  10.98189  -5.70016  -5.68993  -5.69653
0.46210 4.16586  11.04272  4.05259  10.93171  -6.19299  -6.20122  -6.19553
0.50340 5.41399  11.96493  5.33963  11.87596  -5.85088  -5.84249  -5.84863
0.54176 5.92193  12.56847  6.08973  12.73920  -5.90444  -5.89810  -5.90717
0.58257 4.31281  10.83662  4.13070  10.63724  -5.88598  -5.88096  -5.88781
0.62125 4.20497  10.78358  3.97200  10.52778  -5.93826  -5.93134  -5.94114
0.66104 3.18497  9.69285  2.69181  9.16086  -5.93282  -5.92616  -5.93697
0.70033 0.42357  6.80393  -0.53176  5.78355  -5.97390  -5.97003  -5.97834
0.73983 0.21003  6.62306  -0.50088  5.85340  -6.01467  -6.00291  -6.01943
0.77941 -0.95156  5.41879  -1.84922  4.45506  -6.04290  -6.03540  -6.05127
0.81913 -2.34485  3.96438  -3.33877  2.89963  -6.06864  -6.06260  -6.07903
0.85887 -3.75474  2.49485  -4.87519  1.29340  -6.09746  -6.08983  -6.10434
0.89857 -5.56588  0.58647  -6.75677  -0.69227  -6.11648  -6.10677  -6.12884
0.93846 -7.43037  -1.40846  -8.66758  -2.73585  -6.10794  -6.09858  -6.12019
0.97812 -9.48696  -3.54211  -10.72394  -4.86815  -6.16315  -6.15544  -6.17554
1.01796 -11.48335  -5.67993  -12.70527  -6.98635  -6.15291  -6.14847  -6.17180
1.05747 -13.55703  -7.85584  -14.75167  -9.11979  -6.18725  -6.19703  -6.21298
1.09750 -15.36601  -9.80411  -16.55830  -11.05843  -6.16646  -6.18369  -6.18904
1.13729 -17.39267  -11.97316  -18.51739  -13.14541  -6.15666  -6.18502  -6.18519
1.17312 -19.00404  -13.70410  -19.68205  -14.38558  -6.14159  -6.18643  -6.17579
