
    # average kinematics results
    # averaged kinematic varibles used as input to calculate the averaged 
    # kinematics: Ei, omega, th_e, pf # variables with _mc attached are from histograms not calculated
    #! th_nq_mc[f,0]/ th_nq_calc[f,1]/ pm[f,2]/ Ei[f,3]/ omega[f,4]/ th_e[f,5]/ q_lab[f,6]/ pf[f,7]/ pm_mc[f,8]/ q_mc[f,9]/ th_pq_cm[f,10]/ beta_cm[f,11]/  Q^2[f,12]/  phi[f,13]/ cos_phi[f,14]/ sin_phi[f,15]/ pm_b[f,16]/ ix[i,17]/ iy[i,18]/ pm_b_av[f,19]/ tot_err[f, 20]/ kin[s,21]/
	145.0 -1.0 0.0 0.0 -0.51099 0.0 0.51099 0.0 0.0 0.0 180.0 0.000273 0.0 0.0 0.0 0.0 0.02  15 1 1.7513346666666667 0.0 750_set1 
145.0 -1.0 0.0 0.0 -0.51099 0.0 0.51099 0.0 0.0 0.0 180.0 0.000273 0.0 0.0 0.0 0.0 0.02  15 1 1.7513346666666667 0.0 750_set3 
145.0 -1.0 0.0 0.0 -0.51099 0.0 0.51099 0.0 0.0 0.0 180.0 0.000273 0.0 0.0 0.0 0.0 0.02  15 1 1.7513346666666667 0.0 750_set2 
145.0 -1.0 0.0 0.0 -0.51099 0.0 0.51099 0.0 0.0 0.0 180.0 0.000273 0.0 0.0 0.0 0.0 0.02  15 1 1.7513346666666667 0.0 580_set2 
145.0 -1.0 0.0 0.0 -0.51099 0.0 0.51099 0.0 0.0 0.0 180.0 0.000273 0.0 0.0 0.0 0.0 0.02  15 1 1.7513346666666667 0.0 580_set1 
145.0 148.142977 10.189351 10597.636223 2175.106987 12.176453 2957.577686 2966.237068 10.508008 2957.577944 0.303072 0.730137 4016175.3638288975 191.18204832250132 -0.981016 -0.193927 0.02  15 1 1.7513346666666667 0.0 80 
145.0 -1.0 0.0 0.0 -0.51099 0.0 0.51099 0.0 0.0 0.0 180.0 0.000273 0.0 0.0 0.0 0.0 0.06  15 2 0.0 0.0 750_set1 
145.0 -1.0 0.0 0.0 -0.51099 0.0 0.51099 0.0 0.0 0.0 180.0 0.000273 0.0 0.0 0.0 0.0 0.06  15 2 0.0 0.0 750_set3 
145.0 -1.0 0.0 0.0 -0.51099 0.0 0.51099 0.0 0.0 0.0 180.0 0.000273 0.0 0.0 0.0 0.0 0.06  15 2 0.0 0.0 750_set2 
145.0 -1.0 0.0 0.0 -0.51099 0.0 0.51099 0.0 0.0 0.0 180.0 0.000273 0.0 0.0 0.0 0.0 0.06  15 2 0.0 0.0 80 
145.0 -1.0 0.0 0.0 -0.51099 0.0 0.51099 0.0 0.0 0.0 180.0 0.000273 0.0 0.0 0.0 0.0 0.06  15 2 0.0 0.0 580_set2 
145.0 -1.0 0.0 0.0 -0.51099 0.0 0.51099 0.0 0.0 0.0 180.0 0.000273 0.0 0.0 0.0 0.0 0.06  15 2 0.0 0.0 580_set1 
145.0 -1.0 0.0 0.0 -0.51099 0.0 0.51099 0.0 0.0 0.0 180.0 0.000273 0.0 0.0 0.0 0.0 0.1  15 3 0.0 0.0 750_set1 
145.0 -1.0 0.0 0.0 -0.51099 0.0 0.51099 0.0 0.0 0.0 180.0 0.000273 0.0 0.0 0.0 0.0 0.1  15 3 0.0 0.0 750_set3 
145.0 -1.0 0.0 0.0 -0.51099 0.0 0.51099 0.0 0.0 0.0 180.0 0.000273 0.0 0.0 0.0 0.0 0.1  15 3 0.0 0.0 750_set2 
145.0 -1.0 0.0 0.0 -0.51099 0.0 0.51099 0.0 0.0 0.0 180.0 0.000273 0.0 0.0 0.0 0.0 0.1  15 3 0.0 0.0 80 
145.0 -1.0 0.0 0.0 -0.51099 0.0 0.51099 0.0 0.0 0.0 180.0 0.000273 0.0 0.0 0.0 0.0 0.1  15 3 0.0 0.0 580_set2 
145.0 -1.0 0.0 0.0 -0.51099 0.0 0.51099 0.0 0.0 0.0 180.0 0.000273 0.0 0.0 0.0 0.0 0.1  15 3 0.0 0.0 580_set1 
145.0 -1.0 0.0 0.0 -0.51099 0.0 0.51099 0.0 0.0 0.0 180.0 0.000273 0.0 0.0 0.0 0.0 0.14  15 4 0.0 0.0 750_set1 
145.0 -1.0 0.0 0.0 -0.51099 0.0 0.51099 0.0 0.0 0.0 180.0 0.000273 0.0 0.0 0.0 0.0 0.14  15 4 0.0 0.0 750_set3 
145.0 -1.0 0.0 0.0 -0.51099 0.0 0.51099 0.0 0.0 0.0 180.0 0.000273 0.0 0.0 0.0 0.0 0.14  15 4 0.0 0.0 750_set2 
145.0 -1.0 0.0 0.0 -0.51099 0.0 0.51099 0.0 0.0 0.0 180.0 0.000273 0.0 0.0 0.0 0.0 0.14  15 4 0.0 0.0 80 
145.0 -1.0 0.0 0.0 -0.51099 0.0 0.51099 0.0 0.0 0.0 180.0 0.000273 0.0 0.0 0.0 0.0 0.14  15 4 0.0 0.0 580_set2 
145.0 -1.0 0.0 0.0 -0.51099 0.0 0.51099 0.0 0.0 0.0 180.0 0.000273 0.0 0.0 0.0 0.0 0.14  15 4 0.0 0.0 580_set1 
145.0 -1.0 0.0 0.0 -0.51099 0.0 0.51099 0.0 0.0 0.0 180.0 0.000273 0.0 0.0 0.0 0.0 0.18  15 5 0.0 0.0 750_set1 
145.0 -1.0 0.0 0.0 -0.51099 0.0 0.51099 0.0 0.0 0.0 180.0 0.000273 0.0 0.0 0.0 0.0 0.18  15 5 0.0 0.0 750_set3 
145.0 -1.0 0.0 0.0 -0.51099 0.0 0.51099 0.0 0.0 0.0 180.0 0.000273 0.0 0.0 0.0 0.0 0.18  15 5 0.0 0.0 750_set2 
145.0 -1.0 0.0 0.0 -0.51099 0.0 0.51099 0.0 0.0 0.0 180.0 0.000273 0.0 0.0 0.0 0.0 0.18  15 5 0.0 0.0 80 
145.0 -1.0 0.0 0.0 -0.51099 0.0 0.51099 0.0 0.0 0.0 180.0 0.000273 0.0 0.0 0.0 0.0 0.18  15 5 0.0 0.0 580_set2 
145.0 -1.0 0.0 0.0 -0.51099 0.0 0.51099 0.0 0.0 0.0 180.0 0.000273 0.0 0.0 0.0 0.0 0.18  15 5 0.0 0.0 580_set1 
145.0 -1.0 0.0 0.0 -0.51099 0.0 0.51099 0.0 0.0 0.0 180.0 0.000273 0.0 0.0 0.0 0.0 0.22  15 6 0.0 0.0 750_set1 
145.0 -1.0 0.0 0.0 -0.51099 0.0 0.51099 0.0 0.0 0.0 180.0 0.000273 0.0 0.0 0.0 0.0 0.22  15 6 0.0 0.0 750_set3 
145.0 -1.0 0.0 0.0 -0.51099 0.0 0.51099 0.0 0.0 0.0 180.0 0.000273 0.0 0.0 0.0 0.0 0.22  15 6 0.0 0.0 750_set2 
145.0 -1.0 0.0 0.0 -0.51099 0.0 0.51099 0.0 0.0 0.0 180.0 0.000273 0.0 0.0 0.0 0.0 0.22  15 6 0.0 0.0 80 
145.0 -1.0 0.0 0.0 -0.51099 0.0 0.51099 0.0 0.0 0.0 180.0 0.000273 0.0 0.0 0.0 0.0 0.22  15 6 0.0 0.0 580_set2 
145.0 -1.0 0.0 0.0 -0.51099 0.0 0.51099 0.0 0.0 0.0 180.0 0.000273 0.0 0.0 0.0 0.0 0.22  15 6 0.0 0.0 580_set1 
145.0 -1.0 0.0 0.0 -0.51099 0.0 0.51099 0.0 0.0 0.0 180.0 0.000273 0.0 0.0 0.0 0.0 0.26  15 7 0.0 0.0 750_set1 
145.0 -1.0 0.0 0.0 -0.51099 0.0 0.51099 0.0 0.0 0.0 180.0 0.000273 0.0 0.0 0.0 0.0 0.26  15 7 0.0 0.0 750_set3 
145.0 -1.0 0.0 0.0 -0.51099 0.0 0.51099 0.0 0.0 0.0 180.0 0.000273 0.0 0.0 0.0 0.0 0.26  15 7 0.0 0.0 750_set2 
145.0 -1.0 0.0 0.0 -0.51099 0.0 0.51099 0.0 0.0 0.0 180.0 0.000273 0.0 0.0 0.0 0.0 0.26  15 7 0.0 0.0 80 
145.0 -1.0 0.0 0.0 -0.51099 0.0 0.51099 0.0 0.0 0.0 180.0 0.000273 0.0 0.0 0.0 0.0 0.26  15 7 0.0 0.0 580_set2 
145.0 -1.0 0.0 0.0 -0.51099 0.0 0.51099 0.0 0.0 0.0 180.0 0.000273 0.0 0.0 0.0 0.0 0.26  15 7 0.0 0.0 580_set1 
145.0 -1.0 0.0 0.0 -0.51099 0.0 0.51099 0.0 0.0 0.0 180.0 0.000273 0.0 0.0 0.0 0.0 0.3  15 8 0.0 0.0 750_set1 
145.0 -1.0 0.0 0.0 -0.51099 0.0 0.51099 0.0 0.0 0.0 180.0 0.000273 0.0 0.0 0.0 0.0 0.3  15 8 0.0 0.0 750_set3 
145.0 -1.0 0.0 0.0 -0.51099 0.0 0.51099 0.0 0.0 0.0 180.0 0.000273 0.0 0.0 0.0 0.0 0.3  15 8 0.0 0.0 750_set2 
145.0 -1.0 0.0 0.0 -0.51099 0.0 0.51099 0.0 0.0 0.0 180.0 0.000273 0.0 0.0 0.0 0.0 0.3  15 8 0.0 0.0 80 
145.0 -1.0 0.0 0.0 -0.51099 0.0 0.51099 0.0 0.0 0.0 180.0 0.000273 0.0 0.0 0.0 0.0 0.3  15 8 0.0 0.0 580_set2 
145.0 -1.0 0.0 0.0 -0.51099 0.0 0.51099 0.0 0.0 0.0 180.0 0.000273 0.0 0.0 0.0 0.0 0.3  15 8 0.0 0.0 580_set1 
145.0 -1.0 0.0 0.0 -0.51099 0.0 0.51099 0.0 0.0 0.0 180.0 0.000273 0.0 0.0 0.0 0.0 0.34  15 9 0.0 0.0 750_set1 
145.0 -1.0 0.0 0.0 -0.51099 0.0 0.51099 0.0 0.0 0.0 180.0 0.000273 0.0 0.0 0.0 0.0 0.34  15 9 0.0 0.0 750_set3 
145.0 -1.0 0.0 0.0 -0.51099 0.0 0.51099 0.0 0.0 0.0 180.0 0.000273 0.0 0.0 0.0 0.0 0.34  15 9 0.0 0.0 750_set2 
145.0 -1.0 0.0 0.0 -0.51099 0.0 0.51099 0.0 0.0 0.0 180.0 0.000273 0.0 0.0 0.0 0.0 0.34  15 9 0.0 0.0 80 
145.0 -1.0 0.0 0.0 -0.51099 0.0 0.51099 0.0 0.0 0.0 180.0 0.000273 0.0 0.0 0.0 0.0 0.34  15 9 0.0 0.0 580_set2 
145.0 -1.0 0.0 0.0 -0.51099 0.0 0.51099 0.0 0.0 0.0 180.0 0.000273 0.0 0.0 0.0 0.0 0.34  15 9 0.0 0.0 580_set1 
145.0 -1.0 0.0 0.0 -0.51099 0.0 0.51099 0.0 0.0 0.0 180.0 0.000273 0.0 0.0 0.0 0.0 0.38  15 10 0.0 0.0 750_set1 
145.0 -1.0 0.0 0.0 -0.51099 0.0 0.51099 0.0 0.0 0.0 180.0 0.000273 0.0 0.0 0.0 0.0 0.38  15 10 0.0 0.0 750_set3 
145.0 -1.0 0.0 0.0 -0.51099 0.0 0.51099 0.0 0.0 0.0 180.0 0.000273 0.0 0.0 0.0 0.0 0.38  15 10 0.0 0.0 750_set2 
145.0 -1.0 0.0 0.0 -0.51099 0.0 0.51099 0.0 0.0 0.0 180.0 0.000273 0.0 0.0 0.0 0.0 0.38  15 10 0.0 0.0 80 
145.0 -1.0 0.0 0.0 -0.51099 0.0 0.51099 0.0 0.0 0.0 180.0 0.000273 0.0 0.0 0.0 0.0 0.38  15 10 0.0 0.0 580_set2 
145.0 -1.0 0.0 0.0 -0.51099 0.0 0.51099 0.0 0.0 0.0 180.0 0.000273 0.0 0.0 0.0 0.0 0.38  15 10 0.0 0.0 580_set1 
145.0 -1.0 0.0 0.0 -0.51099 0.0 0.51099 0.0 0.0 0.0 180.0 0.000273 0.0 0.0 0.0 0.0 0.42  15 11 0.0 0.0 750_set1 
145.0 -1.0 0.0 0.0 -0.51099 0.0 0.51099 0.0 0.0 0.0 180.0 0.000273 0.0 0.0 0.0 0.0 0.42  15 11 0.0 0.0 750_set3 
145.0 -1.0 0.0 0.0 -0.51099 0.0 0.51099 0.0 0.0 0.0 180.0 0.000273 0.0 0.0 0.0 0.0 0.42  15 11 0.0 0.0 750_set2 
145.0 -1.0 0.0 0.0 -0.51099 0.0 0.51099 0.0 0.0 0.0 180.0 0.000273 0.0 0.0 0.0 0.0 0.42  15 11 0.0 0.0 80 
145.0 -1.0 0.0 0.0 -0.51099 0.0 0.51099 0.0 0.0 0.0 180.0 0.000273 0.0 0.0 0.0 0.0 0.42  15 11 0.0 0.0 580_set2 
145.0 -1.0 0.0 0.0 -0.51099 0.0 0.51099 0.0 0.0 0.0 180.0 0.000273 0.0 0.0 0.0 0.0 0.42  15 11 0.0 0.0 580_set1 
145.0 -1.0 0.0 0.0 -0.51099 0.0 0.51099 0.0 0.0 0.0 180.0 0.000273 0.0 0.0 0.0 0.0 0.46  15 12 0.0 0.0 750_set1 
145.0 -1.0 0.0 0.0 -0.51099 0.0 0.51099 0.0 0.0 0.0 180.0 0.000273 0.0 0.0 0.0 0.0 0.46  15 12 0.0 0.0 750_set3 
145.0 -1.0 0.0 0.0 -0.51099 0.0 0.51099 0.0 0.0 0.0 180.0 0.000273 0.0 0.0 0.0 0.0 0.46  15 12 0.0 0.0 750_set2 
145.0 -1.0 0.0 0.0 -0.51099 0.0 0.51099 0.0 0.0 0.0 180.0 0.000273 0.0 0.0 0.0 0.0 0.46  15 12 0.0 0.0 80 
145.0 -1.0 0.0 0.0 -0.51099 0.0 0.51099 0.0 0.0 0.0 180.0 0.000273 0.0 0.0 0.0 0.0 0.46  15 12 0.0 0.0 580_set2 
145.0 -1.0 0.0 0.0 -0.51099 0.0 0.51099 0.0 0.0 0.0 180.0 0.000273 0.0 0.0 0.0 0.0 0.46  15 12 0.0 0.0 580_set1 
145.0 -1.0 0.0 0.0 -0.51099 0.0 0.51099 0.0 0.0 0.0 180.0 0.000273 0.0 0.0 0.0 0.0 0.5  15 13 0.0 0.0 750_set1 
145.0 -1.0 0.0 0.0 -0.51099 0.0 0.51099 0.0 0.0 0.0 180.0 0.000273 0.0 0.0 0.0 0.0 0.5  15 13 0.0 0.0 750_set3 
145.0 -1.0 0.0 0.0 -0.51099 0.0 0.51099 0.0 0.0 0.0 180.0 0.000273 0.0 0.0 0.0 0.0 0.5  15 13 0.0 0.0 750_set2 
145.0 -1.0 0.0 0.0 -0.51099 0.0 0.51099 0.0 0.0 0.0 180.0 0.000273 0.0 0.0 0.0 0.0 0.5  15 13 0.0 0.0 80 
145.0 -1.0 0.0 0.0 -0.51099 0.0 0.51099 0.0 0.0 0.0 180.0 0.000273 0.0 0.0 0.0 0.0 0.5  15 13 0.0 0.0 580_set2 
145.0 -1.0 0.0 0.0 -0.51099 0.0 0.51099 0.0 0.0 0.0 180.0 0.000273 0.0 0.0 0.0 0.0 0.5  15 13 0.0 0.0 580_set1 
145.0 -1.0 0.0 0.0 -0.51099 0.0 0.51099 0.0 0.0 0.0 180.0 0.000273 0.0 0.0 0.0 0.0 0.54  15 14 0.0 0.0 750_set1 
145.0 -1.0 0.0 0.0 -0.51099 0.0 0.51099 0.0 0.0 0.0 180.0 0.000273 0.0 0.0 0.0 0.0 0.54  15 14 0.0 0.0 750_set3 
145.0 -1.0 0.0 0.0 -0.51099 0.0 0.51099 0.0 0.0 0.0 180.0 0.000273 0.0 0.0 0.0 0.0 0.54  15 14 0.0 0.0 750_set2 
145.0 -1.0 0.0 0.0 -0.51099 0.0 0.51099 0.0 0.0 0.0 180.0 0.000273 0.0 0.0 0.0 0.0 0.54  15 14 0.0 0.0 80 
145.0 -1.0 0.0 0.0 -0.51099 0.0 0.51099 0.0 0.0 0.0 180.0 0.000273 0.0 0.0 0.0 0.0 0.54  15 14 0.0 0.0 580_set2 
145.0 -1.0 0.0 0.0 -0.51099 0.0 0.51099 0.0 0.0 0.0 180.0 0.000273 0.0 0.0 0.0 0.0 0.54  15 14 0.0 0.0 580_set1 
145.0 -1.0 0.0 0.0 -0.51099 0.0 0.51099 0.0 0.0 0.0 180.0 0.000273 0.0 0.0 0.0 0.0 0.58  15 15 0.0 0.0 750_set1 
145.0 -1.0 0.0 0.0 -0.51099 0.0 0.51099 0.0 0.0 0.0 180.0 0.000273 0.0 0.0 0.0 0.0 0.58  15 15 0.0 0.0 750_set3 
145.0 -1.0 0.0 0.0 -0.51099 0.0 0.51099 0.0 0.0 0.0 180.0 0.000273 0.0 0.0 0.0 0.0 0.58  15 15 0.0 0.0 750_set2 
145.0 -1.0 0.0 0.0 -0.51099 0.0 0.51099 0.0 0.0 0.0 180.0 0.000273 0.0 0.0 0.0 0.0 0.58  15 15 0.0 0.0 80 
145.0 -1.0 0.0 0.0 -0.51099 0.0 0.51099 0.0 0.0 0.0 180.0 0.000273 0.0 0.0 0.0 0.0 0.58  15 15 0.0 0.0 580_set2 
145.0 -1.0 0.0 0.0 -0.51099 0.0 0.51099 0.0 0.0 0.0 180.0 0.000273 0.0 0.0 0.0 0.0 0.58  15 15 0.0 0.0 580_set1 
145.0 -1.0 0.0 0.0 -0.51099 0.0 0.51099 0.0 0.0 0.0 180.0 0.000273 0.0 0.0 0.0 0.0 0.62  15 16 0.0 0.0 750_set1 
145.0 -1.0 0.0 0.0 -0.51099 0.0 0.51099 0.0 0.0 0.0 180.0 0.000273 0.0 0.0 0.0 0.0 0.62  15 16 0.0 0.0 750_set3 
145.0 -1.0 0.0 0.0 -0.51099 0.0 0.51099 0.0 0.0 0.0 180.0 0.000273 0.0 0.0 0.0 0.0 0.62  15 16 0.0 0.0 750_set2 
145.0 -1.0 0.0 0.0 -0.51099 0.0 0.51099 0.0 0.0 0.0 180.0 0.000273 0.0 0.0 0.0 0.0 0.62  15 16 0.0 0.0 80 
145.0 -1.0 0.0 0.0 -0.51099 0.0 0.51099 0.0 0.0 0.0 180.0 0.000273 0.0 0.0 0.0 0.0 0.62  15 16 0.0 0.0 580_set2 
145.0 -1.0 0.0 0.0 -0.51099 0.0 0.51099 0.0 0.0 0.0 180.0 0.000273 0.0 0.0 0.0 0.0 0.62  15 16 0.0 0.0 580_set1 
145.0 -1.0 0.0 0.0 -0.51099 0.0 0.51099 0.0 0.0 0.0 180.0 0.000273 0.0 0.0 0.0 0.0 0.66  15 17 0.0 0.0 750_set1 
145.0 -1.0 0.0 0.0 -0.51099 0.0 0.51099 0.0 0.0 0.0 180.0 0.000273 0.0 0.0 0.0 0.0 0.66  15 17 0.0 0.0 750_set3 
145.0 -1.0 0.0 0.0 -0.51099 0.0 0.51099 0.0 0.0 0.0 180.0 0.000273 0.0 0.0 0.0 0.0 0.66  15 17 0.0 0.0 750_set2 
145.0 -1.0 0.0 0.0 -0.51099 0.0 0.51099 0.0 0.0 0.0 180.0 0.000273 0.0 0.0 0.0 0.0 0.66  15 17 0.0 0.0 80 
145.0 -1.0 0.0 0.0 -0.51099 0.0 0.51099 0.0 0.0 0.0 180.0 0.000273 0.0 0.0 0.0 0.0 0.66  15 17 0.0 0.0 580_set2 
145.0 -1.0 0.0 0.0 -0.51099 0.0 0.51099 0.0 0.0 0.0 180.0 0.000273 0.0 0.0 0.0 0.0 0.66  15 17 0.0 0.0 580_set1 
145.0 -1.0 0.0 0.0 -0.51099 0.0 0.51099 0.0 0.0 0.0 180.0 0.000273 0.0 0.0 0.0 0.0 0.7  15 18 0.0 0.0 750_set1 
145.0 -1.0 0.0 0.0 -0.51099 0.0 0.51099 0.0 0.0 0.0 180.0 0.000273 0.0 0.0 0.0 0.0 0.7  15 18 0.0 0.0 750_set3 
145.0 -1.0 0.0 0.0 -0.51099 0.0 0.51099 0.0 0.0 0.0 180.0 0.000273 0.0 0.0 0.0 0.0 0.7  15 18 0.0 0.0 750_set2 
145.0 -1.0 0.0 0.0 -0.51099 0.0 0.51099 0.0 0.0 0.0 180.0 0.000273 0.0 0.0 0.0 0.0 0.7  15 18 0.0 0.0 80 
145.0 -1.0 0.0 0.0 -0.51099 0.0 0.51099 0.0 0.0 0.0 180.0 0.000273 0.0 0.0 0.0 0.0 0.7  15 18 0.0 0.0 580_set2 
145.0 -1.0 0.0 0.0 -0.51099 0.0 0.51099 0.0 0.0 0.0 180.0 0.000273 0.0 0.0 0.0 0.0 0.7  15 18 0.0 0.0 580_set1 
145.0 -1.0 0.0 0.0 -0.51099 0.0 0.51099 0.0 0.0 0.0 180.0 0.000273 0.0 0.0 0.0 0.0 0.74  15 19 0.0 0.0 750_set1 
145.0 -1.0 0.0 0.0 -0.51099 0.0 0.51099 0.0 0.0 0.0 180.0 0.000273 0.0 0.0 0.0 0.0 0.74  15 19 0.0 0.0 750_set3 
145.0 -1.0 0.0 0.0 -0.51099 0.0 0.51099 0.0 0.0 0.0 180.0 0.000273 0.0 0.0 0.0 0.0 0.74  15 19 0.0 0.0 750_set2 
145.0 -1.0 0.0 0.0 -0.51099 0.0 0.51099 0.0 0.0 0.0 180.0 0.000273 0.0 0.0 0.0 0.0 0.74  15 19 0.0 0.0 80 
145.0 -1.0 0.0 0.0 -0.51099 0.0 0.51099 0.0 0.0 0.0 180.0 0.000273 0.0 0.0 0.0 0.0 0.74  15 19 0.0 0.0 580_set2 
145.0 -1.0 0.0 0.0 -0.51099 0.0 0.51099 0.0 0.0 0.0 180.0 0.000273 0.0 0.0 0.0 0.0 0.74  15 19 0.0 0.0 580_set1 
145.0 -1.0 0.0 0.0 -0.51099 0.0 0.51099 0.0 0.0 0.0 180.0 0.000273 0.0 0.0 0.0 0.0 0.78  15 20 0.0 0.0 750_set1 
145.0 -1.0 0.0 0.0 -0.51099 0.0 0.51099 0.0 0.0 0.0 180.0 0.000273 0.0 0.0 0.0 0.0 0.78  15 20 0.0 0.0 750_set3 
145.0 -1.0 0.0 0.0 -0.51099 0.0 0.51099 0.0 0.0 0.0 180.0 0.000273 0.0 0.0 0.0 0.0 0.78  15 20 0.0 0.0 750_set2 
145.0 -1.0 0.0 0.0 -0.51099 0.0 0.51099 0.0 0.0 0.0 180.0 0.000273 0.0 0.0 0.0 0.0 0.78  15 20 0.0 0.0 80 
145.0 -1.0 0.0 0.0 -0.51099 0.0 0.51099 0.0 0.0 0.0 180.0 0.000273 0.0 0.0 0.0 0.0 0.78  15 20 0.0 0.0 580_set2 
145.0 -1.0 0.0 0.0 -0.51099 0.0 0.51099 0.0 0.0 0.0 180.0 0.000273 0.0 0.0 0.0 0.0 0.78  15 20 0.0 0.0 580_set1 
145.0 -1.0 0.0 0.0 -0.51099 0.0 0.51099 0.0 0.0 0.0 180.0 0.000273 0.0 0.0 0.0 0.0 0.82  15 21 0.0 0.0 750_set1 
145.0 -1.0 0.0 0.0 -0.51099 0.0 0.51099 0.0 0.0 0.0 180.0 0.000273 0.0 0.0 0.0 0.0 0.82  15 21 0.0 0.0 750_set3 
145.0 -1.0 0.0 0.0 -0.51099 0.0 0.51099 0.0 0.0 0.0 180.0 0.000273 0.0 0.0 0.0 0.0 0.82  15 21 0.0 0.0 750_set2 
145.0 -1.0 0.0 0.0 -0.51099 0.0 0.51099 0.0 0.0 0.0 180.0 0.000273 0.0 0.0 0.0 0.0 0.82  15 21 0.0 0.0 80 
145.0 -1.0 0.0 0.0 -0.51099 0.0 0.51099 0.0 0.0 0.0 180.0 0.000273 0.0 0.0 0.0 0.0 0.82  15 21 0.0 0.0 580_set2 
145.0 -1.0 0.0 0.0 -0.51099 0.0 0.51099 0.0 0.0 0.0 180.0 0.000273 0.0 0.0 0.0 0.0 0.82  15 21 0.0 0.0 580_set1 
145.0 -1.0 0.0 0.0 -0.51099 0.0 0.51099 0.0 0.0 0.0 180.0 0.000273 0.0 0.0 0.0 0.0 0.86  15 22 0.0 0.0 750_set1 
145.0 -1.0 0.0 0.0 -0.51099 0.0 0.51099 0.0 0.0 0.0 180.0 0.000273 0.0 0.0 0.0 0.0 0.86  15 22 0.0 0.0 750_set3 
145.0 -1.0 0.0 0.0 -0.51099 0.0 0.51099 0.0 0.0 0.0 180.0 0.000273 0.0 0.0 0.0 0.0 0.86  15 22 0.0 0.0 750_set2 
145.0 -1.0 0.0 0.0 -0.51099 0.0 0.51099 0.0 0.0 0.0 180.0 0.000273 0.0 0.0 0.0 0.0 0.86  15 22 0.0 0.0 80 
145.0 -1.0 0.0 0.0 -0.51099 0.0 0.51099 0.0 0.0 0.0 180.0 0.000273 0.0 0.0 0.0 0.0 0.86  15 22 0.0 0.0 580_set2 
145.0 -1.0 0.0 0.0 -0.51099 0.0 0.51099 0.0 0.0 0.0 180.0 0.000273 0.0 0.0 0.0 0.0 0.86  15 22 0.0 0.0 580_set1 
145.0 -1.0 0.0 0.0 -0.51099 0.0 0.51099 0.0 0.0 0.0 180.0 0.000273 0.0 0.0 0.0 0.0 0.9  15 23 0.0 0.0 750_set1 
145.0 -1.0 0.0 0.0 -0.51099 0.0 0.51099 0.0 0.0 0.0 180.0 0.000273 0.0 0.0 0.0 0.0 0.9  15 23 0.0 0.0 750_set3 
145.0 -1.0 0.0 0.0 -0.51099 0.0 0.51099 0.0 0.0 0.0 180.0 0.000273 0.0 0.0 0.0 0.0 0.9  15 23 0.0 0.0 750_set2 
145.0 -1.0 0.0 0.0 -0.51099 0.0 0.51099 0.0 0.0 0.0 180.0 0.000273 0.0 0.0 0.0 0.0 0.9  15 23 0.0 0.0 80 
145.0 -1.0 0.0 0.0 -0.51099 0.0 0.51099 0.0 0.0 0.0 180.0 0.000273 0.0 0.0 0.0 0.0 0.9  15 23 0.0 0.0 580_set2 
145.0 -1.0 0.0 0.0 -0.51099 0.0 0.51099 0.0 0.0 0.0 180.0 0.000273 0.0 0.0 0.0 0.0 0.9  15 23 0.0 0.0 580_set1 
145.0 -1.0 0.0 0.0 -0.51099 0.0 0.51099 0.0 0.0 0.0 180.0 0.000273 0.0 0.0 0.0 0.0 0.94  15 24 0.0 0.0 750_set1 
145.0 -1.0 0.0 0.0 -0.51099 0.0 0.51099 0.0 0.0 0.0 180.0 0.000273 0.0 0.0 0.0 0.0 0.94  15 24 0.0 0.0 750_set3 
145.0 -1.0 0.0 0.0 -0.51099 0.0 0.51099 0.0 0.0 0.0 180.0 0.000273 0.0 0.0 0.0 0.0 0.94  15 24 0.0 0.0 750_set2 
145.0 -1.0 0.0 0.0 -0.51099 0.0 0.51099 0.0 0.0 0.0 180.0 0.000273 0.0 0.0 0.0 0.0 0.94  15 24 0.0 0.0 80 
145.0 -1.0 0.0 0.0 -0.51099 0.0 0.51099 0.0 0.0 0.0 180.0 0.000273 0.0 0.0 0.0 0.0 0.94  15 24 0.0 0.0 580_set2 
145.0 -1.0 0.0 0.0 -0.51099 0.0 0.51099 0.0 0.0 0.0 180.0 0.000273 0.0 0.0 0.0 0.0 0.94  15 24 0.0 0.0 580_set1 
145.0 -1.0 0.0 0.0 -0.51099 0.0 0.51099 0.0 0.0 0.0 180.0 0.000273 0.0 0.0 0.0 0.0 0.98  15 25 0.0 0.0 750_set1 
145.0 -1.0 0.0 0.0 -0.51099 0.0 0.51099 0.0 0.0 0.0 180.0 0.000273 0.0 0.0 0.0 0.0 0.98  15 25 0.0 0.0 750_set3 
145.0 -1.0 0.0 0.0 -0.51099 0.0 0.51099 0.0 0.0 0.0 180.0 0.000273 0.0 0.0 0.0 0.0 0.98  15 25 0.0 0.0 750_set2 
145.0 -1.0 0.0 0.0 -0.51099 0.0 0.51099 0.0 0.0 0.0 180.0 0.000273 0.0 0.0 0.0 0.0 0.98  15 25 0.0 0.0 80 
145.0 -1.0 0.0 0.0 -0.51099 0.0 0.51099 0.0 0.0 0.0 180.0 0.000273 0.0 0.0 0.0 0.0 0.98  15 25 0.0 0.0 580_set2 
145.0 -1.0 0.0 0.0 -0.51099 0.0 0.51099 0.0 0.0 0.0 180.0 0.000273 0.0 0.0 0.0 0.0 0.98  15 25 0.0 0.0 580_set1 
145.0 -1.0 0.0 0.0 -0.51099 0.0 0.51099 0.0 0.0 0.0 180.0 0.000273 0.0 0.0 0.0 0.0 1.02  15 26 0.0 0.0 750_set1 
145.0 -1.0 0.0 0.0 -0.51099 0.0 0.51099 0.0 0.0 0.0 180.0 0.000273 0.0 0.0 0.0 0.0 1.02  15 26 0.0 0.0 750_set3 
145.0 -1.0 0.0 0.0 -0.51099 0.0 0.51099 0.0 0.0 0.0 180.0 0.000273 0.0 0.0 0.0 0.0 1.02  15 26 0.0 0.0 750_set2 
145.0 -1.0 0.0 0.0 -0.51099 0.0 0.51099 0.0 0.0 0.0 180.0 0.000273 0.0 0.0 0.0 0.0 1.02  15 26 0.0 0.0 80 
145.0 -1.0 0.0 0.0 -0.51099 0.0 0.51099 0.0 0.0 0.0 180.0 0.000273 0.0 0.0 0.0 0.0 1.02  15 26 0.0 0.0 580_set2 
145.0 -1.0 0.0 0.0 -0.51099 0.0 0.51099 0.0 0.0 0.0 180.0 0.000273 0.0 0.0 0.0 0.0 1.02  15 26 0.0 0.0 580_set1 
145.0 -1.0 0.0 0.0 -0.51099 0.0 0.51099 0.0 0.0 0.0 180.0 0.000273 0.0 0.0 0.0 0.0 1.06  15 27 0.0 0.0 750_set1 
145.0 -1.0 0.0 0.0 -0.51099 0.0 0.51099 0.0 0.0 0.0 180.0 0.000273 0.0 0.0 0.0 0.0 1.06  15 27 0.0 0.0 750_set3 
145.0 -1.0 0.0 0.0 -0.51099 0.0 0.51099 0.0 0.0 0.0 180.0 0.000273 0.0 0.0 0.0 0.0 1.06  15 27 0.0 0.0 750_set2 
145.0 -1.0 0.0 0.0 -0.51099 0.0 0.51099 0.0 0.0 0.0 180.0 0.000273 0.0 0.0 0.0 0.0 1.06  15 27 0.0 0.0 80 
145.0 -1.0 0.0 0.0 -0.51099 0.0 0.51099 0.0 0.0 0.0 180.0 0.000273 0.0 0.0 0.0 0.0 1.06  15 27 0.0 0.0 580_set2 
145.0 -1.0 0.0 0.0 -0.51099 0.0 0.51099 0.0 0.0 0.0 180.0 0.000273 0.0 0.0 0.0 0.0 1.06  15 27 0.0 0.0 580_set1 
145.0 -1.0 0.0 0.0 -0.51099 0.0 0.51099 0.0 0.0 0.0 180.0 0.000273 0.0 0.0 0.0 0.0 1.1  15 28 0.0 0.0 750_set1 
145.0 -1.0 0.0 0.0 -0.51099 0.0 0.51099 0.0 0.0 0.0 180.0 0.000273 0.0 0.0 0.0 0.0 1.1  15 28 0.0 0.0 750_set3 
145.0 -1.0 0.0 0.0 -0.51099 0.0 0.51099 0.0 0.0 0.0 180.0 0.000273 0.0 0.0 0.0 0.0 1.1  15 28 0.0 0.0 750_set2 
145.0 -1.0 0.0 0.0 -0.51099 0.0 0.51099 0.0 0.0 0.0 180.0 0.000273 0.0 0.0 0.0 0.0 1.1  15 28 0.0 0.0 80 
145.0 -1.0 0.0 0.0 -0.51099 0.0 0.51099 0.0 0.0 0.0 180.0 0.000273 0.0 0.0 0.0 0.0 1.1  15 28 0.0 0.0 580_set2 
145.0 -1.0 0.0 0.0 -0.51099 0.0 0.51099 0.0 0.0 0.0 180.0 0.000273 0.0 0.0 0.0 0.0 1.1  15 28 0.0 0.0 580_set1 
145.0 -1.0 0.0 0.0 -0.51099 0.0 0.51099 0.0 0.0 0.0 180.0 0.000273 0.0 0.0 0.0 0.0 1.14  15 29 0.0 0.0 750_set1 
145.0 -1.0 0.0 0.0 -0.51099 0.0 0.51099 0.0 0.0 0.0 180.0 0.000273 0.0 0.0 0.0 0.0 1.14  15 29 0.0 0.0 750_set3 
145.0 -1.0 0.0 0.0 -0.51099 0.0 0.51099 0.0 0.0 0.0 180.0 0.000273 0.0 0.0 0.0 0.0 1.14  15 29 0.0 0.0 750_set2 
145.0 -1.0 0.0 0.0 -0.51099 0.0 0.51099 0.0 0.0 0.0 180.0 0.000273 0.0 0.0 0.0 0.0 1.14  15 29 0.0 0.0 80 
145.0 -1.0 0.0 0.0 -0.51099 0.0 0.51099 0.0 0.0 0.0 180.0 0.000273 0.0 0.0 0.0 0.0 1.14  15 29 0.0 0.0 580_set2 
145.0 -1.0 0.0 0.0 -0.51099 0.0 0.51099 0.0 0.0 0.0 180.0 0.000273 0.0 0.0 0.0 0.0 1.14  15 29 0.0 0.0 580_set1 
145.0 -1.0 0.0 0.0 -0.51099 0.0 0.51099 0.0 0.0 0.0 180.0 0.000273 0.0 0.0 0.0 0.0 1.18  15 30 0.0 0.0 750_set1 
145.0 -1.0 0.0 0.0 -0.51099 0.0 0.51099 0.0 0.0 0.0 180.0 0.000273 0.0 0.0 0.0 0.0 1.18  15 30 0.0 0.0 750_set3 
145.0 -1.0 0.0 0.0 -0.51099 0.0 0.51099 0.0 0.0 0.0 180.0 0.000273 0.0 0.0 0.0 0.0 1.18  15 30 0.0 0.0 750_set2 
145.0 -1.0 0.0 0.0 -0.51099 0.0 0.51099 0.0 0.0 0.0 180.0 0.000273 0.0 0.0 0.0 0.0 1.18  15 30 0.0 0.0 80 
145.0 -1.0 0.0 0.0 -0.51099 0.0 0.51099 0.0 0.0 0.0 180.0 0.000273 0.0 0.0 0.0 0.0 1.18  15 30 0.0 0.0 580_set2 
145.0 -1.0 0.0 0.0 -0.51099 0.0 0.51099 0.0 0.0 0.0 180.0 0.000273 0.0 0.0 0.0 0.0 1.18  15 30 0.0 0.0 580_set1 
