#This file contains the reduced cross section from J.W.V.Orden theoretical calculations using some of the models described in 2014 Deuteron Momentum Dist. Article
#The units are: pm_avg(GeV/c), red_Xsec (fm^3)
#! Nr[i,0]/ pm_avg[f,1]/ WJC2_GKex05_PWBA_red[f,2]/ WJC2_GKex05_DWBA_red[f,3]/ WJC2_AMT_PWBA_red[f,4]/ WJC2_AMT_DWBA_red[f,5]/ AV18_GKex05_PWBA_red[f,6]/ AV18_GKex05_DWBA_red[f,7]/  AV18_AMT_PWBA_red[f,8]/ AV18_AMT_DWBA_red[f,9]/  CD_GKex05_PWBA_red[f,10]/ CD_GKex05_DWBA_red[f,11]/ CD_AMT_PWBA_red[f,12]/ CD_AMT_DWBA_red[f,13]/ 
0  0.032152  5.2447E+00  5.0786E+00  5.5756E+00  5.3986E+00  5.3194E+00  5.1521E+00  5.6548E+00  5.4765E+00  5.3297E+00  5.1559E+00  5.6657E+00  5.4807E+00 
1  0.062560  1.3062E+00  1.2440E+00  1.3900E+00  1.3236E+00  1.3216E+00  1.2591E+00  1.4063E+00  1.3397E+00  1.3267E+00  1.2611E+00  1.4118E+00  1.3418E+00 
2  0.099209  2.8202E-01  2.6272E-01  3.0057E-01  2.7994E-01  2.8386E-01  2.6461E-01  3.0254E-01  2.8196E-01  2.8662E-01  2.6592E-01  3.0548E-01  2.8334E-01 
3  0.137850  7.2419E-02  6.6096E-02  7.7320E-02  7.0537E-02  7.2215E-02  6.5978E-02  7.7107E-02  7.0415E-02  7.3750E-02  6.6794E-02  7.8742E-02  7.1283E-02 
4  0.176850  2.2446E-02  2.0139E-02  2.3992E-02  2.1505E-02  2.2070E-02  1.9832E-02  2.3589E-02  2.1177E-02  2.2924E-02  2.0310E-02  2.4502E-02  2.1686E-02 
5  0.216640  7.9641E-03  7.0340E-03  8.5176E-03  7.5065E-03  7.6784E-03  6.7975E-03  8.2125E-03  7.2546E-03  8.1286E-03  7.0509E-03  8.6940E-03  7.5244E-03 
6  0.256380  3.2573E-03  2.8273E-03  3.4857E-03  3.0130E-03  3.0693E-03  2.6728E-03  3.2845E-03  2.8488E-03  3.2805E-03  2.7864E-03  3.5105E-03  2.9700E-03 
7  0.296130  1.5325E-03  1.2990E-03  1.6408E-03  1.3816E-03  1.4123E-03  1.2019E-03  1.5121E-03  1.2786E-03  1.4848E-03  1.2328E-03  1.5898E-03  1.3118E-03 
8  0.463560  2.1636E-04  1.7030E-04  2.2986E-04  1.8125E-04  2.0237E-04  1.5957E-04  2.1501E-04  1.6989E-04  1.3992E-04  1.1256E-04  1.4865E-04  1.1987E-04 
9  0.500860  1.6360E-04  1.2665E-04  1.7400E-04  1.3494E-04  1.5067E-04  1.1676E-04  1.6027E-04  1.2445E-04  9.2944E-05  7.3865E-05  9.8856E-05  7.8764E-05 
9  0.500960  1.6348E-04  1.2656E-04  1.7388E-04  1.3484E-04  1.5056E-04  1.1667E-04  1.6015E-04  1.2435E-04  9.2847E-05  7.3783E-05  9.8749E-05  7.8675E-05 
10  0.539910  1.2534E-04  9.5638E-05  1.3349E-04  1.0202E-04  1.1179E-04  8.5141E-05  1.1907E-04  9.0862E-05  6.1641E-05  4.8304E-05  6.5649E-05  5.1579E-05 
10  0.540250  1.2505E-04  9.5406E-05  1.3319E-04  1.0177E-04  1.1150E-04  8.4909E-05  1.1876E-04  9.0616E-05  6.1426E-05  4.8130E-05  6.5419E-05  5.1393E-05 
11  0.579680  9.5867E-05  7.2196E-05  1.0225E-04  7.7109E-05  8.2644E-05  6.1892E-05  8.8150E-05  6.6137E-05  4.0978E-05  3.1620E-05  4.3705E-05  3.3812E-05 
11  0.579710  9.5850E-05  7.2161E-05  1.0223E-04  7.7072E-05  8.2627E-05  6.1861E-05  8.8133E-05  6.6103E-05  4.0967E-05  3.1602E-05  4.3692E-05  3.3794E-05 
11  0.582650  9.4187E-05  7.2755E-05  1.0009E-04  7.7472E-05  8.1102E-05  6.2107E-05  8.6184E-05  6.6163E-05  3.9924E-05  3.1505E-05  4.2419E-05  3.3572E-05 
12  0.619540  7.2397E-05  5.3753E-05  7.7322E-05  5.7484E-05  6.0846E-05  4.4790E-05  6.4988E-05  4.7923E-05  2.7315E-05  2.0716E-05  2.9171E-05  2.2182E-05 
12  0.619590  7.2371E-05  5.3739E-05  7.7295E-05  5.7470E-05  6.0821E-05  4.4778E-05  6.4962E-05  4.7910E-05  2.7301E-05  2.0706E-05  2.9157E-05  2.2172E-05 
12  0.620670  7.2030E-05  5.5046E-05  7.6634E-05  5.8682E-05  6.0563E-05  4.5734E-05  6.4432E-05  4.8777E-05  2.7125E-05  2.1137E-05  2.8853E-05  2.2551E-05 
12  0.620680  7.2028E-05  5.5037E-05  7.6633E-05  5.8673E-05  6.0561E-05  4.5728E-05  6.4431E-05  4.8770E-05  2.7124E-05  2.1134E-05  2.8852E-05  2.2548E-05 
12  0.620810  7.1959E-05  5.4982E-05  7.6558E-05  5.8615E-05  6.0500E-05  4.5679E-05  6.4365E-05  4.8718E-05  2.7088E-05  2.1105E-05  2.8813E-05  2.2516E-05 
13  0.658770  5.4077E-05  3.9585E-05  5.7817E-05  4.2379E-05  4.4752E-05  3.2412E-05  4.7848E-05  3.4716E-05  1.8324E-05  1.3652E-05  1.9589E-05  1.4633E-05 
13  0.658910  5.4017E-05  3.9538E-05  5.7754E-05  4.2328E-05  4.4703E-05  3.2372E-05  4.7796E-05  3.4672E-05  1.8298E-05  1.3630E-05  1.9561E-05  1.4610E-05 
13  0.659760  5.3835E-05  4.0634E-05  5.7350E-05  4.3381E-05  4.4584E-05  3.3176E-05  4.7491E-05  3.5431E-05  1.8220E-05  1.4002E-05  1.9405E-05  1.4960E-05 
14  0.698150  3.9742E-05  2.8635E-05  4.2525E-05  3.0685E-05  3.2628E-05  2.3228E-05  3.4913E-05  2.4900E-05  1.2239E-05  8.9442E-06  1.3095E-05  9.5957E-06 
14  0.698230  3.9721E-05  2.8625E-05  4.2501E-05  3.0676E-05  3.2610E-05  2.3220E-05  3.4893E-05  2.4890E-05  1.2231E-05  8.9402E-06  1.3085E-05  9.5915E-06 
14  0.699740  3.9347E-05  2.9276E-05  4.1968E-05  3.1305E-05  3.2329E-05  2.3678E-05  3.4483E-05  2.5327E-05  1.2089E-05  9.1505E-06  1.2891E-05  9.7910E-06 
14  0.699790  3.9332E-05  2.9263E-05  4.1952E-05  3.1292E-05  3.2316E-05  2.3670E-05  3.4469E-05  2.5317E-05  1.2083E-05  9.1457E-06  1.2885E-05  9.7861E-06 
15  0.737450  2.8816E-05  2.0375E-05  3.0852E-05  2.1854E-05  2.3604E-05  1.6475E-05  2.5270E-05  1.7673E-05  8.1452E-06  5.8280E-06  8.7189E-06  6.2570E-06 
15  0.739450  2.8396E-05  2.0737E-05  3.0325E-05  2.2212E-05  2.3284E-05  1.6720E-05  2.4862E-05  1.7910E-05  8.0029E-06  5.9532E-06  8.5435E-06  6.3805E-06 
15  0.739560  2.8369E-05  2.0730E-05  3.0295E-05  2.2205E-05  2.3262E-05  1.6715E-05  2.4838E-05  1.7905E-05  7.9934E-06  5.9488E-06  8.5332E-06  6.3758E-06 
16  0.779090  2.0263E-05  1.4525E-05  2.1663E-05  1.5587E-05  1.6616E-05  1.1702E-05  1.7761E-05  1.2554E-05  5.2696E-06  3.8611E-06  5.6312E-06  4.1452E-06 
16  0.779280  2.0227E-05  1.4494E-05  2.1624E-05  1.5553E-05  1.6587E-05  1.1676E-05  1.7730E-05  1.2527E-05  5.2584E-06  3.8518E-06  5.6193E-06  4.1352E-06 
16  0.779340  2.0218E-05  1.4491E-05  2.1615E-05  1.5551E-05  1.6580E-05  1.1674E-05  1.7724E-05  1.2525E-05  5.2557E-06  3.8502E-06  5.6163E-06  4.1335E-06 
17  0.818540  1.4334E-05  1.0066E-05  1.5337E-05  1.0820E-05  1.1756E-05  8.0977E-06  1.2577E-05  8.6985E-06  3.4539E-06  2.5033E-06  3.6936E-06  2.6917E-06 
17  0.818700  1.4315E-05  1.0061E-05  1.5316E-05  1.0816E-05  1.1740E-05  8.0944E-06  1.2560E-05  8.6951E-06  3.4481E-06  2.5004E-06  3.6876E-06  2.6885E-06 
18  0.857980  1.0041E-05  6.9017E-06  1.0750E-05  7.4312E-06  8.2286E-06  5.5348E-06  8.8085E-06  5.9512E-06  2.2480E-06  1.6324E-06  2.4055E-06  1.7573E-06 
19  0.897170  6.9938E-06  4.7158E-06  7.4917E-06  5.0837E-06  5.7049E-06  3.7519E-06  6.1095E-06  4.0352E-06  1.4564E-06  1.0895E-06  1.5590E-06  1.1733E-06 
20  0.936700  4.8324E-06  3.2429E-06  5.1784E-06  3.4965E-06  3.8923E-06  2.5399E-06  4.1697E-06  2.7292E-06  9.3335E-07  7.5969E-07  9.9930E-07  8.1689E-07 
20  0.936830  4.8263E-06  3.2382E-06  5.1720E-06  3.4915E-06  3.8872E-06  2.5360E-06  4.1641E-06  2.7249E-06  9.3196E-07  7.5903E-07  9.9780E-07  8.1619E-07 
