#This file contains the averaged reduced cross section from J.W.V.Orden theoretical calculations using some of the models described in 2014 Deuteron Momentum Dist. Article
#The units are: pm_avg(GeV/c), red_Xsec (fm^3)
#! Nr[i,0]/ pm_avg[f,1]/ WJC2_GKex05_PWBA_red[f,2]/ WJC2_GKex05_DWBA_red[f,3]/ WJC2_AMT_PWBA_red[f,4]/ WJC2_AMT_DWBA_red[f,5]/ AV18_GKex05_PWBA_red[f,6]/ AV18_GKex05_DWBA_red[f,7]/  AV18_AMT_PWBA_red[f,8]/ AV18_AMT_DWBA_red[f,9]/  CD_GKex05_PWBA_red[f,10]/ CD_GKex05_DWBA_red[f,11]/ CD_AMT_PWBA_red[f,12]/ CD_AMT_DWBA_red[f,13]/ 
0  0.031473  5.3997E+00  5.2226E+00  5.7389E+00  5.5502E+00  5.4767E+00  5.2981E+00  5.8206E+00  5.6304E+00  5.4871E+00  5.3022E+00  5.8317E+00  5.6345E+00 
1  0.062411  1.3161E+00  1.2453E+00  1.4000E+00  1.3245E+00  1.3316E+00  1.2604E+00  1.4164E+00  1.3405E+00  1.3368E+00  1.2624E+00  1.4219E+00  1.3427E+00 
2  0.099207  2.8269E-01  2.5840E-01  3.0099E-01  2.7506E-01  2.8455E-01  2.6025E-01  3.0297E-01  2.7703E-01  2.8731E-01  2.6156E-01  3.0591E-01  2.7841E-01 
3  0.138440  7.1367E-02  6.2657E-02  7.6055E-02  6.6746E-02  7.1165E-02  6.2518E-02  7.5841E-02  6.6600E-02  7.2687E-02  6.3319E-02  7.7465E-02  6.7450E-02 
4  0.178380  2.1629E-02  1.8228E-02  2.3066E-02  1.9424E-02  2.1259E-02  1.7920E-02  2.2671E-02  1.9095E-02  2.2099E-02  1.8372E-02  2.3566E-02  1.9574E-02 
5  0.218250  7.7023E-03  6.2815E-03  8.2194E-03  6.6917E-03  7.4229E-03  6.0477E-03  7.9206E-03  6.4428E-03  7.8632E-03  6.2727E-03  8.3907E-03  6.6825E-03 
6  0.257820  3.1795E-03  2.5511E-03  3.3950E-03  2.7162E-03  2.9940E-03  2.3976E-03  3.1970E-03  2.5527E-03  3.2000E-03  2.4853E-03  3.4169E-03  2.6463E-03 
7  0.297900  1.4939E-03  1.1995E-03  1.5963E-03  1.2763E-03  1.3755E-03  1.1026E-03  1.4696E-03  1.1731E-03  1.4438E-03  1.1099E-03  1.5427E-03  1.1812E-03 
8  0.337970  8.0634E-04  6.5466E-04  8.6200E-04  6.9634E-04  7.3120E-04  5.9440E-04  7.8171E-04  6.3214E-04  7.2414E-04  5.6007E-04  7.7417E-04  5.9584E-04 
9  0.378270  4.8816E-04  4.0090E-04  5.2211E-04  4.2649E-04  4.4120E-04  3.6426E-04  4.7189E-04  3.8748E-04  3.9647E-04  3.1191E-04  4.2406E-04  3.3188E-04 
10  0.431760  2.8209E-04  2.3085E-04  2.9913E-04  2.4483E-04  2.6486E-04  2.2001E-04  2.8087E-04  2.3339E-04  2.0238E-04  1.6738E-04  2.1459E-04  1.7765E-04 
11  0.462110  2.1999E-04  1.8036E-04  2.3452E-04  1.9177E-04  2.0297E-04  1.6874E-04  2.1637E-04  1.7943E-04  1.4097E-04  1.1730E-04  1.5029E-04  1.2478E-04 
12  0.503400  1.5921E-04  1.2980E-04  1.6910E-04  1.3769E-04  1.4772E-04  1.2266E-04  1.5690E-04  1.3013E-04  9.0379E-05  7.8323E-05  9.5987E-05  8.3128E-05 
13  0.541760  1.2265E-04  9.2965E-05  1.3035E-04  9.9096E-05  1.1028E-04  8.4821E-05  1.1720E-04  9.0431E-05  6.0452E-05  4.8969E-05  6.4241E-05  5.2250E-05 
14  0.582570  9.3284E-05  7.2500E-05  9.9120E-05  7.7057E-05  8.0987E-05  6.3528E-05  8.6052E-05  6.7537E-05  3.9834E-05  3.4803E-05  4.2323E-05  3.7010E-05 
15  0.621250  7.1053E-05  5.5492E-05  7.5541E-05  5.8927E-05  6.0176E-05  4.7364E-05  6.3975E-05  5.0306E-05  2.6882E-05  2.5041E-05  2.8577E-05  2.6589E-05 
16  0.661036  5.2886E-05  4.1438E-05  5.6224E-05  4.3918E-05  4.4078E-05  3.4825E-05  4.6858E-05  3.6912E-05  1.7938E-05  1.8069E-05  1.9068E-05  1.9142E-05 
17  0.700332  3.8893E-05  3.0052E-05  4.1366E-05  3.1772E-05  3.2140E-05  2.5079E-05  3.4182E-05  2.6511E-05  1.1986E-05  1.3122E-05  1.2747E-05  1.3833E-05 
18  0.739830  2.8150E-05  2.1849E-05  2.9953E-05  2.3050E-05  2.3189E-05  1.8275E-05  2.4673E-05  1.9274E-05  7.9530E-06  9.8608E-06  8.4609E-06  1.0361E-05 
19  0.779404  2.0121E-05  1.5696E-05  2.1417E-05  1.6517E-05  1.6559E-05  1.3217E-05  1.7624E-05  1.3903E-05  5.2405E-06  7.5252E-06  5.5771E-06  7.8827E-06 
20  0.819128  1.4214E-05  1.1142E-05  1.5134E-05  1.1694E-05  1.1686E-05  9.4738E-06  1.2441E-05  9.9372E-06  3.4243E-06  5.8175E-06  3.6453E-06  6.0783E-06 
21  0.858868  9.9351E-06  7.8309E-06  1.0581E-05  8.1965E-06  8.1529E-06  6.7431E-06  8.6823E-06  7.0540E-06  2.2206E-06  4.5593E-06  2.3646E-06  4.7568E-06 
22  0.898568  6.8908E-06  5.5040E-06  7.3407E-06  5.7491E-06  5.6209E-06  4.8081E-06  5.9871E-06  5.0200E-06  1.4299E-06  3.6559E-06  1.5229E-06  3.8150E-06 
23  0.938463  4.7460E-06  3.9017E-06  5.0554E-06  4.0686E-06  3.8169E-06  3.4514E-06  4.0652E-06  3.5982E-06  9.1198E-07  2.9991E-06  9.7121E-07  3.1335E-06 
24  0.978123  3.2604E-06  2.8454E-06  3.4750E-06  2.9834E-06  2.5594E-06  2.5730E-06  2.7275E-06  2.6981E-06  5.7934E-07  2.5713E-06  6.1734E-07  2.7057E-06 
25  1.017960  2.2272E-06  2.1583E-06  2.3737E-06  2.2778E-06  1.6854E-06  1.9925E-06  1.7959E-06  2.1035E-06  3.6512E-07  2.2609E-06  3.8904E-07  2.3943E-06 
26  1.057467  1.5201E-06  1.8621E-06  1.6208E-06  1.9957E-06  1.0932E-06  1.7841E-06  1.1653E-06  1.9118E-06  2.3023E-07  2.2048E-06  2.4544E-07  2.3581E-06 
27  1.097500  1.0292E-06  1.5739E-06  1.0971E-06  1.7040E-06  6.9008E-07  1.5415E-06  7.3543E-07  1.6673E-06  1.4413E-07  2.0102E-06  1.5363E-07  2.1634E-06 
28  1.137275  6.9847E-07  1.4441E-06  7.4452E-07  1.5809E-06  4.2603E-07  1.4468E-06  4.5398E-07  1.5805E-06  9.0872E-08  1.9144E-06  9.6863E-08  2.0739E-06 
29  1.173100  4.9390E-07  1.3027E-06  5.2641E-07  1.4396E-06  2.6897E-07  1.3255E-06  2.8657E-07  1.4604E-06  6.0506E-08  1.7594E-06  6.4496E-08  1.9186E-06 
