#This file contains the averaged reduced cross section from J.W.V.Orden theoretical calculations using some of the models described in 2014 Deuteron Momentum Dist. Article
#The units are: pm_avg(GeV/c), red_Xsec (fm^3)
#! Nr[i,0]/ pm_avg[f,1]/ WJC2_GKex05_PWBA_red[f,2]/ WJC2_GKex05_DWBA_red[f,3]/ WJC2_AMT_PWBA_red[f,4]/ WJC2_AMT_DWBA_red[f,5]/ AV18_GKex05_PWBA_red[f,6]/ AV18_GKex05_DWBA_red[f,7]/  AV18_AMT_PWBA_red[f,8]/ AV18_AMT_DWBA_red[f,9]/  CD_GKex05_PWBA_red[f,10]/ CD_GKex05_DWBA_red[f,11]/ CD_AMT_PWBA_red[f,12]/ CD_AMT_DWBA_red[f,13]/ 
0  0.031807  5.3235E+00  5.1521E+00  5.6586E+00  5.4758E+00  5.3993E+00  5.2264E+00  5.7393E+00  5.5549E+00  5.4098E+00  5.2305E+00  5.7500E+00  5.5593E+00 
1  0.062170  1.3301E+00  1.2636E+00  1.4150E+00  1.3441E+00  1.3457E+00  1.2789E+00  1.4317E+00  1.3604E+00  1.3509E+00  1.2809E+00  1.4372E+00  1.3626E+00 
2  0.099140  2.8315E-01  2.6171E-01  3.0162E-01  2.7872E-01  2.8502E-01  2.6360E-01  3.0361E-01  2.8073E-01  2.8777E-01  2.6491E-01  3.0655E-01  2.8211E-01 
3  0.138750  7.0526E-02  6.3312E-02  7.5228E-02  6.7501E-02  7.0317E-02  6.3179E-02  7.5004E-02  6.7357E-02  7.1831E-02  6.3981E-02  7.6618E-02  6.8210E-02 
4  0.177800  2.1915E-02  1.9196E-02  2.3398E-02  2.0475E-02  2.1544E-02  1.8889E-02  2.3002E-02  2.0149E-02  2.2388E-02  1.9353E-02  2.3903E-02  2.0642E-02 
5  0.217660  7.7897E-03  6.6820E-03  8.3223E-03  7.1233E-03  7.5091E-03  6.4481E-03  8.0227E-03  6.8742E-03  7.9523E-03  6.6862E-03  8.4964E-03  7.1280E-03 
6  0.257540  3.1884E-03  2.6933E-03  3.4088E-03  2.8672E-03  3.0030E-03  2.5396E-03  3.2106E-03  2.7038E-03  3.2096E-03  2.6394E-03  3.4314E-03  2.8104E-03 
7  0.297430  1.5018E-03  1.2524E-03  1.6066E-03  1.3308E-03  1.3829E-03  1.1548E-03  1.4794E-03  1.2273E-03  1.4522E-03  1.1740E-03  1.5535E-03  1.2479E-03 
8  0.337370  8.1122E-04  6.6687E-04  8.6831E-04  7.0745E-04  7.3516E-04  6.0528E-04  7.8694E-04  6.4221E-04  7.2889E-04  5.8132E-04  7.8018E-04  6.1686E-04 
9  0.376120  4.9961E-04  4.0416E-04  5.3501E-04  4.2841E-04  4.5063E-04  3.6519E-04  4.8258E-04  3.8717E-04  4.0733E-04  3.2173E-04  4.3622E-04  3.4101E-04 
10  0.464195  2.1431E-04  1.6879E-04  2.2761E-04  1.7955E-04  2.0127E-04  1.5958E-04  2.1377E-04  1.6980E-04  1.3884E-04  1.1191E-04  1.4745E-04  1.1915E-04 
11  0.501930  1.6158E-04  1.2480E-04  1.7175E-04  1.3286E-04  1.4943E-04  1.1605E-04  1.5884E-04  1.2358E-04  9.1853E-05  7.3427E-05  9.7628E-05  7.8253E-05 
12  0.540700  1.2411E-04  9.3983E-05  1.3205E-04  1.0012E-04  1.1118E-04  8.4327E-05  1.1828E-04  8.9865E-05  6.1144E-05  4.8373E-05  6.5046E-05  5.1599E-05 
13  0.582043  9.4068E-05  7.0197E-05  1.0004E-04  7.4755E-05  8.1353E-05  6.0453E-05  8.6517E-05  6.4404E-05  4.0085E-05  3.1500E-05  4.2626E-05  3.3591E-05 
14  0.620894  7.1566E-05  5.2310E-05  7.6154E-05  5.5731E-05  6.0387E-05  4.3765E-05  6.4257E-05  4.6645E-05  2.7013E-05  2.1082E-05  2.8741E-05  2.2491E-05 
15  0.660070  5.3467E-05  3.7970E-05  5.6964E-05  4.0496E-05  4.4416E-05  3.1175E-05  4.7319E-05  3.3261E-05  1.8124E-05  1.4011E-05  1.9307E-05  1.4963E-05 
16  0.699596  3.9252E-05  2.7107E-05  4.1841E-05  2.8925E-05  3.2344E-05  2.2025E-05  3.4475E-05  2.3507E-05  1.2088E-05  9.3647E-06  1.2883E-05  1.0005E-05 
17  0.739074  2.8408E-05  1.8956E-05  3.0306E-05  2.0245E-05  2.3345E-05  1.5341E-05  2.4904E-05  1.6384E-05  8.0239E-06  6.2629E-06  8.5580E-06  6.6961E-06 
18  0.779055  2.0235E-05  1.3092E-05  2.1594E-05  1.3988E-05  1.6623E-05  1.0584E-05  1.7739E-05  1.1306E-05  5.2679E-06  4.2555E-06  5.6201E-06  4.5504E-06 
19  0.818674  1.4299E-05  8.8472E-06  1.5276E-05  9.4655E-06  1.1741E-05  7.1516E-06  1.2543E-05  7.6474E-06  3.4457E-06  2.8842E-06  3.6801E-06  3.0883E-06 
20  0.858394  9.9950E-06  5.9735E-06  1.0685E-05  6.3961E-06  8.1963E-06  4.8302E-06  8.7606E-06  5.1672E-06  2.2359E-06  2.0329E-06  2.3893E-06  2.1781E-06 
21  0.898557  6.9042E-06  4.1243E-06  7.3794E-06  4.4163E-06  5.6312E-06  3.3231E-06  6.0176E-06  3.5530E-06  1.4332E-06  1.5454E-06  1.5311E-06  1.6564E-06 
22  0.938323  4.7596E-06  2.8217E-06  5.0900E-06  3.0243E-06  3.8294E-06  2.2611E-06  4.0943E-06  2.4186E-06  9.1556E-07  1.1895E-06  9.7859E-07  1.2768E-06 
23  0.978110  3.2659E-06  1.9637E-06  3.4941E-06  2.1073E-06  2.5655E-06  1.5639E-06  2.7440E-06  1.6742E-06  5.8075E-07  9.5411E-07  6.2098E-07  1.0262E-06 
24  1.017900  2.2323E-06  1.5121E-06  2.3892E-06  1.5108E-06  1.6911E-06  1.2752E-06  1.8095E-06  1.2704E-06  3.6633E-07  9.9774E-07  3.9185E-07  1.0147E-06 
25  1.057700  1.5191E-06  1.1597E-06  1.6264E-06  1.1574E-06  1.0934E-06  9.8654E-07  1.1702E-06  9.8247E-07  2.3005E-07  8.5699E-07  2.4618E-07  8.7555E-07 
26  1.137300  6.9953E-07  7.1638E-07  7.4940E-07  7.2071E-07  4.2742E-07  6.3064E-07  4.5769E-07  6.3533E-07  9.1022E-08  6.3150E-07  9.7483E-08  6.5514E-07 
27  1.173300  4.9407E-07  5.8640E-07  5.2942E-07  5.9526E-07  2.6946E-07  5.2913E-07  2.8859E-07  5.3899E-07  6.0494E-08  5.5283E-07  6.4820E-08  5.7942E-07 
