#This file contains the averaged reduced cross section from J.W.V.Orden theoretical calculations using some of the models described in 2014 Deuteron Momentum Dist. Article
#The units are: pm_avg(GeV/c), red_Xsec (fm^3)
#! Nr[i,0]/ pm_avg[f,1]/ WJC2_GKex05_PWBA_red[f,2]/ WJC2_GKex05_DWBA_red[f,3]/ WJC2_AMT_PWBA_red[f,4]/ WJC2_AMT_DWBA_red[f,5]/ AV18_GKex05_PWBA_red[f,6]/ AV18_GKex05_DWBA_red[f,7]/  AV18_AMT_PWBA_red[f,8]/ AV18_AMT_DWBA_red[f,9]/  CD_GKex05_PWBA_red[f,10]/ CD_GKex05_DWBA_red[f,11]/ CD_AMT_PWBA_red[f,12]/ CD_AMT_DWBA_red[f,13]/ 
0  0.032152  5.2447E+00  5.0786E+00  5.5756E+00  5.3986E+00  5.3194E+00  5.1521E+00  5.6548E+00  5.4765E+00  5.3297E+00  5.1559E+00  5.6657E+00  5.4807E+00 
1  0.062560  1.3062E+00  1.2440E+00  1.3900E+00  1.3236E+00  1.3216E+00  1.2591E+00  1.4063E+00  1.3397E+00  1.3267E+00  1.2611E+00  1.4118E+00  1.3418E+00 
2  0.099209  2.8202E-01  2.6272E-01  3.0057E-01  2.7994E-01  2.8386E-01  2.6461E-01  3.0254E-01  2.8196E-01  2.8662E-01  2.6592E-01  3.0548E-01  2.8334E-01 
3  0.137850  7.2419E-02  6.6096E-02  7.7320E-02  7.0537E-02  7.2215E-02  6.5978E-02  7.7107E-02  7.0415E-02  7.3750E-02  6.6794E-02  7.8742E-02  7.1283E-02 
4  0.176850  2.2446E-02  2.0139E-02  2.3992E-02  2.1505E-02  2.2070E-02  1.9832E-02  2.3589E-02  2.1177E-02  2.2924E-02  2.0310E-02  2.4502E-02  2.1686E-02 
5  0.216640  7.9641E-03  7.0340E-03  8.5176E-03  7.5065E-03  7.6784E-03  6.7975E-03  8.2125E-03  7.2546E-03  8.1286E-03  7.0509E-03  8.6940E-03  7.5244E-03 
6  0.256380  3.2573E-03  2.8273E-03  3.4857E-03  3.0130E-03  3.0693E-03  2.6728E-03  3.2845E-03  2.8488E-03  3.2805E-03  2.7864E-03  3.5105E-03  2.9700E-03 
7  0.296130  1.5325E-03  1.2990E-03  1.6408E-03  1.3816E-03  1.4123E-03  1.2019E-03  1.5121E-03  1.2786E-03  1.4848E-03  1.2328E-03  1.5898E-03  1.3118E-03 
8  0.463560  2.1636E-04  1.7030E-04  2.2986E-04  1.8125E-04  2.0237E-04  1.5957E-04  2.1501E-04  1.6989E-04  1.3992E-04  1.1256E-04  1.4865E-04  1.1987E-04 
9  0.500910  1.6354E-04  1.2661E-04  1.7394E-04  1.3489E-04  1.5061E-04  1.1672E-04  1.6021E-04  1.2440E-04  9.2895E-05  7.3824E-05  9.8803E-05  7.8719E-05 
10  0.540080  1.2519E-04  9.5522E-05  1.3334E-04  1.0189E-04  1.1165E-04  8.5025E-05  1.1891E-04  9.0739E-05  6.1534E-05  4.8217E-05  6.5534E-05  5.1486E-05 
11  0.580680  9.5301E-05  7.2371E-05  1.0152E-04  7.7218E-05  8.2124E-05  6.1953E-05  8.7489E-05  6.6134E-05  4.0623E-05  3.1576E-05  4.3272E-05  3.3726E-05 
12  0.620258  7.2157E-05  5.4511E-05  7.6888E-05  5.8185E-05  6.0658E-05  4.5342E-05  6.4636E-05  4.8420E-05  2.7191E-05  2.0960E-05  2.8969E-05  2.2394E-05 
13  0.659147  5.3976E-05  3.9919E-05  5.7640E-05  4.2696E-05  4.4680E-05  3.2653E-05  4.7712E-05  3.4940E-05  1.8281E-05  1.3761E-05  1.9518E-05  1.4734E-05 
14  0.698978  3.9536E-05  2.8950E-05  4.2237E-05  3.0990E-05  3.2471E-05  2.3449E-05  3.4690E-05  2.5108E-05  1.2160E-05  9.0451E-06  1.2989E-05  9.6911E-06 
15  0.738820  2.8527E-05  2.0614E-05  3.0491E-05  2.2090E-05  2.3383E-05  1.6637E-05  2.4990E-05  1.7829E-05  8.0472E-06  5.9100E-06  8.5985E-06  6.3378E-06 
16  0.779237  2.0236E-05  1.4503E-05  2.1634E-05  1.5564E-05  1.6594E-05  1.1684E-05  1.7738E-05  1.2535E-05  5.2612E-06  3.8544E-06  5.6223E-06  4.1380E-06 
17  0.818620  1.4324E-05  1.0063E-05  1.5326E-05  1.0818E-05  1.1748E-05  8.0961E-06  1.2569E-05  8.6968E-06  3.4510E-06  2.5018E-06  3.6906E-06  2.6901E-06 
18  0.857980  1.0041E-05  6.9017E-06  1.0750E-05  7.4312E-06  8.2286E-06  5.5348E-06  8.8085E-06  5.9512E-06  2.2480E-06  1.6324E-06  2.4055E-06  1.7573E-06 
19  0.897170  6.9938E-06  4.7158E-06  7.4917E-06  5.0837E-06  5.7049E-06  3.7519E-06  6.1095E-06  4.0352E-06  1.4564E-06  1.0895E-06  1.5590E-06  1.1733E-06 
20  0.936765  4.8293E-06  3.2405E-06  5.1752E-06  3.4940E-06  3.8897E-06  2.5379E-06  4.1669E-06  2.7271E-06  9.3266E-07  7.5936E-07  9.9855E-07  8.1654E-07 
