#This file contains the reduced cross section from J.W.V.Orden theoretical calculations using some of the models described in 2014 Deuteron Momentum Dist. Article
#The units are: pm_avg(GeV/c), red_Xsec (fm^3)
#! Nr[i,0]/ pm_avg[f,1]/ WJC2_GKex05_PWBA_red[f,2]/ WJC2_GKex05_DWBA_red[f,3]/ WJC2_AMT_PWBA_red[f,4]/ WJC2_AMT_DWBA_red[f,5]/ AV18_GKex05_PWBA_red[f,6]/ AV18_GKex05_DWBA_red[f,7]/  AV18_AMT_PWBA_red[f,8]/ AV18_AMT_DWBA_red[f,9]/  CD_GKex05_PWBA_red[f,10]/ CD_GKex05_DWBA_red[f,11]/ CD_AMT_PWBA_red[f,12]/ CD_AMT_DWBA_red[f,13]/ 
0  0.031473  5.3997E+00  5.2226E+00  5.7389E+00  5.5502E+00  5.4767E+00  5.2981E+00  5.8206E+00  5.6304E+00  5.4871E+00  5.3022E+00  5.8317E+00  5.6345E+00 
1  0.062411  1.3161E+00  1.2453E+00  1.4000E+00  1.3245E+00  1.3316E+00  1.2604E+00  1.4164E+00  1.3405E+00  1.3368E+00  1.2624E+00  1.4219E+00  1.3427E+00 
2  0.099207  2.8269E-01  2.5840E-01  3.0099E-01  2.7506E-01  2.8455E-01  2.6025E-01  3.0297E-01  2.7703E-01  2.8731E-01  2.6156E-01  3.0591E-01  2.7841E-01 
3  0.138440  7.1367E-02  6.2657E-02  7.6055E-02  6.6746E-02  7.1165E-02  6.2518E-02  7.5841E-02  6.6600E-02  7.2687E-02  6.3319E-02  7.7465E-02  6.7450E-02 
4  0.178380  2.1629E-02  1.8228E-02  2.3066E-02  1.9424E-02  2.1259E-02  1.7920E-02  2.2671E-02  1.9095E-02  2.2099E-02  1.8372E-02  2.3566E-02  1.9574E-02 
5  0.218250  7.7023E-03  6.2815E-03  8.2194E-03  6.6917E-03  7.4229E-03  6.0477E-03  7.9206E-03  6.4428E-03  7.8632E-03  6.2727E-03  8.3907E-03  6.6825E-03 
6  0.257820  3.1795E-03  2.5511E-03  3.3950E-03  2.7162E-03  2.9940E-03  2.3976E-03  3.1970E-03  2.5527E-03  3.2000E-03  2.4853E-03  3.4169E-03  2.6463E-03 
7  0.297900  1.4939E-03  1.1995E-03  1.5963E-03  1.2763E-03  1.3755E-03  1.1026E-03  1.4696E-03  1.1731E-03  1.4438E-03  1.1099E-03  1.5427E-03  1.1812E-03 
8  0.337970  8.0634E-04  6.5466E-04  8.6200E-04  6.9634E-04  7.3120E-04  5.9440E-04  7.8171E-04  6.3214E-04  7.2414E-04  5.6007E-04  7.7417E-04  5.9584E-04 
9  0.378270  4.8816E-04  4.0090E-04  5.2211E-04  4.2649E-04  4.4120E-04  3.6426E-04  4.7189E-04  3.8748E-04  3.9647E-04  3.1191E-04  4.2406E-04  3.3188E-04 
10  0.431760  2.8209E-04  2.3085E-04  2.9913E-04  2.4483E-04  2.6486E-04  2.2001E-04  2.8087E-04  2.3339E-04  2.0238E-04  1.6738E-04  2.1459E-04  1.7765E-04 
11  0.457500  2.3067E-04  1.8971E-04  2.4689E-04  2.0215E-04  2.0877E-04  1.7337E-04  2.2347E-04  1.8474E-04  1.4704E-04  1.2061E-04  1.5739E-04  1.2858E-04 
11  0.466720  2.0931E-04  1.7101E-04  2.2215E-04  1.8139E-04  1.9718E-04  1.6412E-04  2.0928E-04  1.7412E-04  1.3491E-04  1.1398E-04  1.4318E-04  1.2098E-04 
12  0.503380  1.5924E-04  1.2982E-04  1.6911E-04  1.3771E-04  1.4774E-04  1.2268E-04  1.5692E-04  1.3015E-04  9.0397E-05  7.8341E-05  9.6004E-05  8.3146E-05 
12  0.503420  1.5919E-04  1.2978E-04  1.6908E-04  1.3766E-04  1.4771E-04  1.2264E-04  1.5688E-04  1.3011E-04  9.0361E-05  7.8306E-05  9.5969E-05  8.3110E-05 
13  0.541690  1.2271E-04  9.3018E-05  1.3041E-04  9.9150E-05  1.1034E-04  8.4876E-05  1.1726E-04  9.0489E-05  6.0496E-05  4.9010E-05  6.4287E-05  5.2292E-05 
13  0.541830  1.2260E-04  9.2912E-05  1.3029E-04  9.9042E-05  1.1022E-04  8.4766E-05  1.1714E-04  9.0374E-05  6.0407E-05  4.8928E-05  6.4195E-05  5.2207E-05 
14  0.580740  9.4385E-05  7.2654E-05  1.0036E-04  7.7350E-05  8.2059E-05  6.3829E-05  8.7252E-05  6.7971E-05  4.0543E-05  3.4958E-05  4.3107E-05  3.7238E-05 
14  0.580800  9.4348E-05  7.2686E-05  1.0032E-04  7.7384E-05  8.2028E-05  6.3861E-05  8.7217E-05  6.8004E-05  4.0521E-05  3.4989E-05  4.3083E-05  3.7271E-05 
14  0.586170  9.1120E-05  7.2160E-05  9.6680E-05  7.6436E-05  7.8875E-05  6.2893E-05  8.3686E-05  6.6635E-05  3.8438E-05  3.4462E-05  4.0780E-05  3.6520E-05 
15  0.620060  7.1627E-05  5.5715E-05  7.6200E-05  5.9243E-05  6.0695E-05  4.7620E-05  6.4570E-05  5.0644E-05  2.7189E-05  2.5224E-05  2.8924E-05  2.6817E-05 
15  0.620140  7.1587E-05  5.5724E-05  7.6157E-05  5.9251E-05  6.0658E-05  4.7629E-05  6.4530E-05  5.0653E-05  2.7168E-05  2.5239E-05  2.8899E-05  2.6830E-05 
15  0.623550  6.9946E-05  5.5037E-05  7.4265E-05  5.8288E-05  5.9175E-05  4.6844E-05  6.2826E-05  4.9620E-05  2.6289E-05  2.4659E-05  2.7908E-05  2.6121E-05 
16  0.659420  5.3504E-05  4.1897E-05  5.6947E-05  4.4486E-05  4.4604E-05  3.5257E-05  4.7472E-05  3.7438E-05  1.8219E-05  1.8431E-05  1.9388E-05  1.9547E-05 
16  0.659660  5.3402E-05  4.1841E-05  5.6839E-05  4.4427E-05  4.4516E-05  3.5211E-05  4.7379E-05  3.7389E-05  1.8173E-05  1.8415E-05  1.9341E-05  1.9529E-05 
16  0.661980  5.2529E-05  4.1173E-05  5.5801E-05  4.3583E-05  4.3776E-05  3.4573E-05  4.6500E-05  3.6601E-05  1.7776E-05  1.7848E-05  1.8881E-05  1.8893E-05 
16  0.662030  5.2510E-05  4.1144E-05  5.5780E-05  4.3551E-05  4.3758E-05  3.4544E-05  4.6481E-05  3.6570E-05  1.7767E-05  1.7825E-05  1.8871E-05  1.8870E-05 
16  0.662090  5.2483E-05  4.1134E-05  5.5752E-05  4.3541E-05  4.3735E-05  3.4538E-05  4.6458E-05  3.6564E-05  1.7755E-05  1.7828E-05  1.8860E-05  1.8873E-05 
17  0.699000  3.9289E-05  3.0787E-05  4.1835E-05  3.2638E-05  3.2462E-05  2.5754E-05  3.4565E-05  2.7300E-05  1.2142E-05  1.3536E-05  1.2927E-05  1.4317E-05 
17  0.699230  3.9216E-05  3.0746E-05  4.1759E-05  3.2593E-05  3.2401E-05  2.5720E-05  3.4500E-05  2.7264E-05  1.2113E-05  1.3526E-05  1.2897E-05  1.4306E-05 
17  0.701120  3.8660E-05  2.9572E-05  4.1087E-05  3.1207E-05  3.1951E-05  2.4636E-05  3.3955E-05  2.5994E-05  1.1896E-05  1.2844E-05  1.2640E-05  1.3509E-05 
17  0.701150  3.8647E-05  2.9596E-05  4.1074E-05  3.1232E-05  3.1941E-05  2.4659E-05  3.3944E-05  2.6018E-05  1.1890E-05  1.2869E-05  1.2635E-05  1.3534E-05 
17  0.701160  3.8651E-05  2.9558E-05  4.1076E-05  3.1191E-05  3.1943E-05  2.4624E-05  3.3946E-05  2.5981E-05  1.1891E-05  1.2836E-05  1.2635E-05  1.3499E-05 
18  0.738970  2.8340E-05  2.2164E-05  3.0190E-05  2.3452E-05  2.3338E-05  1.8580E-05  2.4860E-05  1.9657E-05  8.0191E-06  1.0034E-05  8.5414E-06  1.0582E-05 
18  0.739060  2.8319E-05  2.2087E-05  3.0168E-05  2.3370E-05  2.3320E-05  1.8511E-05  2.4843E-05  1.9583E-05  8.0117E-06  9.9751E-06  8.5336E-06  1.0521E-05 
18  0.740290  2.8051E-05  2.1672E-05  2.9823E-05  2.2816E-05  2.3112E-05  1.8099E-05  2.4571E-05  1.9047E-05  7.9182E-06  9.7637E-06  8.4172E-06  1.0233E-05 
18  0.740380  2.8029E-05  2.1671E-05  2.9799E-05  2.2816E-05  2.3095E-05  1.8100E-05  2.4552E-05  1.9049E-05  7.9106E-06  9.7706E-06  8.4091E-06  1.0240E-05 
18  0.740450  2.8013E-05  2.1653E-05  2.9784E-05  2.2796E-05  2.3082E-05  1.8083E-05  2.4538E-05  1.9032E-05  7.9052E-06  9.7605E-06  8.4033E-06  1.0229E-05 
19  0.778750  2.0226E-05  1.5759E-05  2.1555E-05  1.6639E-05  1.6641E-05  1.3303E-05  1.7732E-05  1.4040E-05  5.2741E-06  7.5450E-06  5.6197E-06  7.9358E-06 
19  0.778800  2.0218E-05  1.5774E-05  2.1545E-05  1.6656E-05  1.6634E-05  1.3317E-05  1.7725E-05  1.4056E-05  5.2715E-06  7.5617E-06  5.6167E-06  7.9538E-06 
19  0.779790  2.0060E-05  1.5657E-05  2.1334E-05  1.6439E-05  1.6511E-05  1.3163E-05  1.7559E-05  1.3813E-05  5.2208E-06  7.5118E-06  5.5515E-06  7.8468E-06 
19  0.779830  2.0053E-05  1.5645E-05  2.1327E-05  1.6426E-05  1.6506E-05  1.3153E-05  1.7553E-05  1.3804E-05  5.2185E-06  7.5044E-06  5.5492E-06  7.8389E-06 
19  0.779850  2.0050E-05  1.5643E-05  2.1325E-05  1.6424E-05  1.6503E-05  1.3151E-05  1.7551E-05  1.3801E-05  5.2178E-06  7.5031E-06  5.5484E-06  7.8380E-06 
20  0.818550  1.4280E-05  1.1101E-05  1.5223E-05  1.1694E-05  1.1739E-05  9.4656E-06  1.2512E-05  9.9665E-06  3.4443E-06  5.7772E-06  3.6710E-06  6.0629E-06 
20  0.818650  1.4268E-05  1.1095E-05  1.5210E-05  1.1688E-05  1.1729E-05  9.4612E-06  1.2502E-05  9.9618E-06  3.4407E-06  5.7772E-06  3.6673E-06  6.0625E-06 
20  0.819400  1.4183E-05  1.1182E-05  1.5089E-05  1.1706E-05  1.1662E-05  9.4897E-06  1.2406E-05  9.9288E-06  3.4150E-06  5.8501E-06  3.6324E-06  6.0948E-06 
20  0.819460  1.4176E-05  1.1170E-05  1.5081E-05  1.1694E-05  1.1656E-05  9.4792E-06  1.2400E-05  9.9176E-06  3.4129E-06  5.8419E-06  3.6301E-06  6.0862E-06 
20  0.819580  1.4162E-05  1.1163E-05  1.5066E-05  1.1686E-05  1.1645E-05  9.4734E-06  1.2387E-05  9.9113E-06  3.4087E-06  5.8410E-06  3.6257E-06  6.0853E-06 
21  0.858360  9.9773E-06  7.7669E-06  1.0638E-05  8.1634E-06  8.1869E-06  6.7148E-06  8.7286E-06  7.0542E-06  2.2326E-06  4.5162E-06  2.3801E-06  4.7332E-06 
21  0.858370  9.9760E-06  7.7685E-06  1.0637E-05  8.1653E-06  8.1859E-06  6.7166E-06  8.7278E-06  7.0564E-06  2.2324E-06  4.5185E-06  2.3799E-06  4.7359E-06 
21  0.859120  9.9153E-06  7.8826E-06  1.0552E-05  8.2281E-06  8.1371E-06  6.7697E-06  8.6586E-06  7.0621E-06  2.2148E-06  4.5934E-06  2.3566E-06  4.7781E-06 
21  0.859160  9.9113E-06  7.8729E-06  1.0548E-05  8.2178E-06  8.1337E-06  6.7607E-06  8.6552E-06  7.0524E-06  2.2138E-06  4.5851E-06  2.3555E-06  4.7693E-06 
21  0.859330  9.8957E-06  7.8637E-06  1.0531E-05  8.2080E-06  8.1207E-06  6.7535E-06  8.6412E-06  7.0447E-06  2.2096E-06  4.5834E-06  2.3509E-06  4.7675E-06 
22  0.898140  6.9161E-06  5.4678E-06  7.3756E-06  5.7386E-06  5.6421E-06  4.8066E-06  6.0163E-06  5.0428E-06  1.4369E-06  3.6490E-06  1.5321E-06  3.8260E-06 
22  0.898230  6.9098E-06  5.4652E-06  7.3692E-06  5.7361E-06  5.6370E-06  4.8046E-06  6.0109E-06  5.0410E-06  1.4353E-06  3.6494E-06  1.5305E-06  3.8267E-06 
22  0.898800  6.8774E-06  5.5240E-06  7.3210E-06  5.7516E-06  5.6097E-06  4.8046E-06  5.9707E-06  4.9998E-06  1.4261E-06  3.6537E-06  1.5177E-06  3.8004E-06 
22  0.898800  6.8774E-06  5.5313E-06  7.3210E-06  5.7594E-06  5.6097E-06  4.8118E-06  5.9708E-06  5.0076E-06  1.4260E-06  3.6621E-06  1.5177E-06  3.8093E-06 
22  0.898870  6.8733E-06  5.5317E-06  7.3165E-06  5.7600E-06  5.6062E-06  4.8129E-06  5.9669E-06  5.0089E-06  1.4250E-06  3.6653E-06  1.5165E-06  3.8128E-06 
23  0.938080  4.7614E-06  3.9147E-06  5.0785E-06  4.1108E-06  3.8304E-06  3.5040E-06  4.0851E-06  3.6791E-06  9.1631E-07  3.0530E-06  9.7715E-07  3.2097E-06 
23  0.938490  4.7452E-06  3.9011E-06  5.0524E-06  4.0584E-06  3.8161E-06  3.4372E-06  4.0625E-06  3.5747E-06  9.1156E-07  2.9831E-06  9.7031E-07  3.1102E-06 
23  0.938610  4.7399E-06  3.8990E-06  5.0466E-06  4.0565E-06  3.8115E-06  3.4358E-06  4.0577E-06  3.5733E-06  9.1031E-07  2.9839E-06  9.6898E-07  3.1111E-06 
23  0.938670  4.7374E-06  3.8919E-06  5.0441E-06  4.0487E-06  3.8095E-06  3.4288E-06  4.0555E-06  3.5657E-06  9.0973E-07  2.9762E-06  9.6839E-07  3.1031E-06 
24  0.977690  3.2732E-06  2.9129E-06  3.4914E-06  3.0713E-06  2.5706E-06  2.6633E-06  2.7416E-06  2.8084E-06  5.8246E-07  2.6666E-06  6.2118E-07  2.8177E-06 
24  0.977870  3.2674E-06  2.9108E-06  3.4851E-06  3.0691E-06  2.5656E-06  2.6618E-06  2.7363E-06  2.8068E-06  5.8122E-07  2.6668E-06  6.1985E-07  2.8178E-06 
24  0.978380  3.2533E-06  2.7828E-06  3.4646E-06  2.9006E-06  2.5531E-06  2.4869E-06  2.7183E-06  2.5922E-06  5.7743E-07  2.4792E-06  6.1477E-07  2.5971E-06 
24  0.978550  3.2477E-06  2.7752E-06  3.4588E-06  2.8926E-06  2.5484E-06  2.4800E-06  2.7136E-06  2.5849E-06  5.7626E-07  2.4727E-06  6.1354E-07  2.5904E-06 
25  1.017600  2.2338E-06  2.3232E-06  2.3827E-06  2.4714E-06  1.6912E-06  2.1830E-06  1.8036E-06  2.3223E-06  3.6673E-07  2.4693E-06  3.9111E-07  2.6275E-06 
25  1.017700  2.2319E-06  2.2831E-06  2.3809E-06  2.4274E-06  1.6897E-06  2.1419E-06  1.8022E-06  2.2774E-06  3.6637E-07  2.4209E-06  3.9074E-07  2.5753E-06 
25  1.018100  2.2240E-06  2.0599E-06  2.3688E-06  2.1613E-06  1.6825E-06  1.8772E-06  1.7916E-06  1.9704E-06  3.6426E-07  2.1351E-06  3.8789E-07  2.2530E-06 
25  1.018200  2.2232E-06  2.0640E-06  2.3681E-06  2.1661E-06  1.6818E-06  1.8817E-06  1.7910E-06  1.9756E-06  3.6413E-07  2.1417E-06  3.8775E-07  2.2602E-06 
25  1.018200  2.2231E-06  2.0612E-06  2.3680E-06  2.1628E-06  1.6817E-06  1.8786E-06  1.7909E-06  1.9719E-06  3.6409E-07  2.1373E-06  3.8771E-07  2.2556E-06 
26  1.057200  1.5244E-06  1.9769E-06  1.6261E-06  2.1265E-06  1.0969E-06  1.9109E-06  1.1698E-06  2.0545E-06  2.3113E-07  2.3420E-06  2.4651E-07  2.5093E-06 
26  1.057200  1.5236E-06  1.9965E-06  1.6251E-06  2.1481E-06  1.0962E-06  1.9314E-06  1.1690E-06  2.0768E-06  2.3098E-07  2.3660E-06  2.4634E-07  2.5352E-06 
26  1.058000  1.5122E-06  1.6129E-06  1.6111E-06  1.7125E-06  1.0865E-06  1.5099E-06  1.1572E-06  1.6041E-06  2.2858E-07  1.9063E-06  2.4347E-07  2.0298E-06 
27  1.097100  1.0333E-06  1.9066E-06  1.1021E-06  2.0744E-06  6.9345E-07  1.8956E-06  7.3949E-07  2.0584E-06  1.4493E-07  2.3978E-06  1.5457E-07  2.5845E-06 
27  1.097300  1.0309E-06  1.8555E-06  1.0997E-06  2.0186E-06  6.9157E-07  1.8432E-06  7.3755E-07  2.0016E-06  1.4454E-07  2.3383E-06  1.5417E-07  2.5207E-06 
27  1.097700  1.0274E-06  1.3673E-06  1.0948E-06  1.4737E-06  6.8864E-07  1.3210E-06  7.3358E-07  1.4235E-06  1.4377E-07  1.7693E-06  1.5317E-07  1.9014E-06 
27  1.097700  1.0274E-06  1.3676E-06  1.0947E-06  1.4741E-06  6.8859E-07  1.3213E-06  7.3351E-07  1.4238E-06  1.4376E-07  1.7697E-06  1.5316E-07  1.9018E-06 
27  1.097700  1.0268E-06  1.3723E-06  1.0941E-06  1.4793E-06  6.8813E-07  1.3263E-06  7.3302E-07  1.4294E-06  1.4367E-07  1.7761E-06  1.5306E-07  1.9088E-06 
28  1.136800  7.0142E-07  1.9229E-06  7.4816E-07  2.1078E-06  4.2834E-07  1.9477E-06  4.5679E-07  2.1285E-06  9.1395E-08  2.4570E-06  9.7497E-08  2.6592E-06 
28  1.137400  6.9779E-07  1.2920E-06  7.4360E-07  1.4137E-06  4.2549E-07  1.2876E-06  4.5328E-07  1.4065E-06  9.0743E-08  1.7429E-06  9.6698E-08  1.8891E-06 
28  1.137400  6.9768E-07  1.2802E-06  7.4351E-07  1.4005E-06  4.2541E-07  1.2753E-06  4.5322E-07  1.3929E-06  9.0728E-08  1.7281E-06  9.6684E-08  1.8729E-06 
28  1.137500  6.9700E-07  1.2812E-06  7.4279E-07  1.4017E-06  4.2488E-07  1.2764E-06  4.5265E-07  1.3942E-06  9.0623E-08  1.7295E-06  9.6574E-08  1.8745E-06 
29  1.173100  4.9405E-07  1.3004E-06  5.2658E-07  1.4370E-06  2.6909E-07  1.3231E-06  2.8670E-07  1.4577E-06  6.0527E-08  1.7566E-06  6.4520E-08  1.9156E-06 
29  1.173100  4.9375E-07  1.3051E-06  5.2624E-07  1.4422E-06  2.6886E-07  1.3280E-06  2.8645E-07  1.4631E-06  6.0485E-08  1.7622E-06  6.4473E-08  1.9217E-06 
