#This file contains updated Xsec and Reduced Xsec
#Xsec Units: ub * MeV^-1 *sr^-2
#Ksigcc1 Units: (ub * MeV^2 * sr^-2
#Red Xsec Units: MeV^-3
#!xb[i,0]/  yb[i,1]/   thnq_bin[f,2]/   pm_bin[f,3]/  pm_avg[f,4]/   Ksigcc1[f,5]/   pwiaXsec_theory[f,6]/    fsiXsec_theory[f,7]/   red_pwiaXsec_theory[f,8]/    red_fsiXsec_theory[f,9]/   setting[s,10]/
4   1   35.000000   0.020000   0.031807   2441.103647  1.716966060000e-03   1.716966060000e-03    7.033564765306e-07   7.033564765306e-07   80
4   2   35.000000   0.060000   0.062170   2335.302015  4.115549320000e-04   4.115549320000e-04    1.762319945585e-07   1.762319945585e-07   80
4   3   35.000000   0.100000   0.099140   2139.168852  8.060935210000e-05   8.060935210000e-05    3.768255695413e-08   3.768255695413e-08   80
4   4   35.000000   0.140000   0.138748   1918.928040  1.810570720000e-05   1.810570720000e-05    9.435323692492e-09   9.435323692492e-09   80
4   5   35.000000   0.180000   0.177804   1755.816613  5.161955360000e-06   5.161955360000e-06    2.939917142702e-09   2.939917142702e-09   80
4   6   35.000000   0.220000   0.217658   1651.876081  1.715940950000e-06   1.715940950000e-06    1.038783096224e-09   1.038783096224e-09   80
4   7   35.000000   0.260000   0.257537   1563.734347  6.504464150000e-07   6.504464150000e-07    4.159571069395e-10   4.159571069395e-10   80
4   8   35.000000   0.300000   0.297431   1485.396644  2.769247000000e-07   2.769247000000e-07    1.864314835493e-10   1.864314835493e-10   80
4   9   35.000000   0.340000   0.337372   1420.448177  1.314998870000e-07   1.314998870000e-07    9.257633550400e-11   9.257633550400e-11   80
4   10   35.000000   0.380000   0.376119   1370.409921  7.012622800000e-08   7.012622800000e-08    5.117171652466e-11   5.117171652466e-11   80
4   10   35.000000   0.380000   0.393382   7177.492709  2.924199100000e-07   2.924199100000e-07    4.074123400130e-11   4.074123400130e-11   580_set1
4   10   35.000000   0.380000   0.393474   7087.589882  2.888429460000e-07   2.888429460000e-07    4.075333799061e-11   4.075333799061e-11   580_set2
4   11   35.000000   0.420000   0.414972   1339.312272  4.049790650000e-08   4.049790650000e-08    3.023783724428e-11   3.023783724428e-11   80
4   11   35.000000   0.420000   0.428047   6544.367261  1.723096970000e-07   1.723096970000e-07    2.632946626129e-11   2.632946626129e-11   580_set1
4   11   35.000000   0.420000   0.429173   6499.488978  1.688690330000e-07   1.688690330000e-07    2.598189389529e-11   2.598189389529e-11   580_set2
4   12   35.000000   0.460000   0.452755   1320.644044  2.516446260000e-08   2.516446260000e-08    1.905468980406e-11   1.905468980406e-11   80
4   12   35.000000   0.460000   0.464096   6169.492312  1.068906490000e-07   1.068906490000e-07    1.732567990920e-11   1.732567990920e-11   580_set2
4   12   35.000000   0.460000   0.464294   6161.190654  1.065172480000e-07   1.065172480000e-07    1.728841939518e-11   1.728841939518e-11   580_set1
4   13   35.000000   0.500000   0.488046   1299.532923  1.655533540000e-08   1.655533540000e-08    1.273945054180e-11   1.273945054180e-11   80
4   13   35.000000   0.500000   0.501870   5888.412623  6.759950520000e-08   6.759950520000e-08    1.148008971653e-11   1.148008971653e-11   580_set2
4   13   35.000000   0.500000   0.501986   5888.034873  6.751503050000e-08   6.751503050000e-08    1.146647938680e-11   1.146647938680e-11   580_set1
4   13   35.000000   0.500000   0.512714   8042.122980  8.155655860000e-08   8.155655860000e-08    1.014117277276e-11   1.014117277276e-11   750_set2
4   13   35.000000   0.500000   0.513014   8288.984972  8.378607030000e-08   8.378607030000e-08    1.010812187295e-11   1.010812187295e-11   750_set3
4   13   35.000000   0.500000   0.513672   8106.993540  8.140082660000e-08   8.140082660000e-08    1.004081552531e-11   1.004081552531e-11   750_set1
4   14   35.000000   0.540000   0.540661   5556.915595  4.259969670000e-08   4.259969670000e-08    7.666068697954e-12   7.666068697954e-12   580_set2
4   14   35.000000   0.540000   0.540738   5560.913694  4.259584100000e-08   4.259584100000e-08    7.659863710160e-12   7.659863710160e-12   580_set1
4   14   35.000000   0.540000   0.547933   7552.350957  5.329749730000e-08   5.329749730000e-08    7.057073698436e-12   7.057073698436e-12   750_set3
4   14   35.000000   0.540000   0.548002   7564.265983  5.336089060000e-08   5.336089060000e-08    7.054338216018e-12   7.054338216018e-12   750_set2
4   14   35.000000   0.540000   0.548010   7553.662207  5.328564720000e-08   5.328564720000e-08    7.054279863166e-12   7.054279863166e-12   750_set1
4   15   35.000000   0.580000   0.580011   5168.591903  2.660370250000e-08   2.660370250000e-08    5.147185732454e-12   5.147185732454e-12   580_set1
4   15   35.000000   0.580000   0.580038   5174.844208  2.663070710000e-08   2.663070710000e-08    5.146185282028e-12   5.146185282028e-12   580_set2
4   15   35.000000   0.580000   0.583911   7151.612887  3.510463240000e-08   3.510463240000e-08    4.908631514971e-12   4.908631514971e-12   750_set3
4   15   35.000000   0.580000   0.584052   7136.544213  3.498984130000e-08   3.498984130000e-08    4.902911024675e-12   4.902911024675e-12   750_set2
4   15   35.000000   0.580000   0.584068   7143.461973  3.501814600000e-08   3.501814600000e-08    4.902125346556e-12   4.902125346556e-12   750_set1
4   16   35.000000   0.620000   0.619594   4746.151536  1.645349340000e-08   1.645349340000e-08    3.466702079611e-12   3.466702079611e-12   580_set1
4   16   35.000000   0.620000   0.619609   4746.149242  1.645661150000e-08   1.645661150000e-08    3.467360729909e-12   3.467360729909e-12   580_set2
4   16   35.000000   0.620000   0.621698   6812.513785  2.293009120000e-08   2.293009120000e-08    3.365878135981e-12   3.365878135981e-12   750_set1
4   16   35.000000   0.620000   0.621757   6811.055115  2.290201370000e-08   2.290201370000e-08    3.362476637366e-12   3.362476637366e-12   750_set3
4   16   35.000000   0.620000   0.621809   6818.035955  2.291838450000e-08   2.291838450000e-08    3.361434972075e-12   3.361434972075e-12   750_set2
4   17   35.000000   0.660000   0.659280   4375.060638  1.022034980000e-08   1.022034980000e-08    2.336047576399e-12   2.336047576399e-12   580_set1
4   17   35.000000   0.660000   0.659472   4380.521497  1.021325770000e-08   1.021325770000e-08    2.331516397533e-12   2.331516397533e-12   580_set2
4   17   35.000000   0.660000   0.660560   6447.817408  1.472599990000e-08   1.472599990000e-08    2.283873591353e-12   2.283873591353e-12   750_set3
4   17   35.000000   0.660000   0.660709   6453.890321  1.472055450000e-08   1.472055450000e-08    2.280880797137e-12   2.280880797137e-12   750_set1
4   17   35.000000   0.660000   0.660817   6455.237466  1.470722260000e-08   1.470722260000e-08    2.278339515388e-12   2.278339515388e-12   750_set2
4   18   35.000000   0.700000   0.698945   4078.187303  6.406393830000e-09   6.406393830000e-09    1.570892495616e-12   1.570892495616e-12   580_set2
4   18   35.000000   0.700000   0.698963   4079.764784  6.408504680000e-09   6.408504680000e-09    1.570802489676e-12   1.570802489676e-12   580_set1
4   18   35.000000   0.700000   0.699961   6069.973474  9.344914930000e-09   9.344914930000e-09    1.539531427942e-12   1.539531427942e-12   750_set1
4   18   35.000000   0.700000   0.699996   6068.416764  9.341008960000e-09   9.341008960000e-09    1.539282703096e-12   1.539282703096e-12   750_set2
4   18   35.000000   0.700000   0.700114   6058.629356  9.315398520000e-09   9.315398520000e-09    1.537542234825e-12   1.537542234825e-12   750_set3
4   19   35.000000   0.740000   0.738520   3845.036438  4.048922560000e-09   4.048922560000e-09    1.053025797099e-12   1.053025797099e-12   580_set1
4   19   35.000000   0.740000   0.738529   3852.431106  4.055655100000e-09   4.055655100000e-09    1.052752142325e-12   1.052752142325e-12   580_set2
4   19   35.000000   0.740000   0.739399   5637.190513  5.833079110000e-09   5.833079110000e-09    1.034749330637e-12   1.034749330637e-12   750_set2
4   19   35.000000   0.740000   0.739421   5637.101128  5.831112620000e-09   5.831112620000e-09    1.034416890454e-12   1.034416890454e-12   750_set3
4   19   35.000000   0.740000   0.739505   5631.336117  5.820950490000e-09   5.820950490000e-09    1.033671293821e-12   1.033671293821e-12   750_set1
4   20   35.000000   0.780000   0.778313   3676.292247  2.574607030000e-09   2.574607030000e-09    7.003270841977e-13   7.003270841977e-13   580_set2
4   20   35.000000   0.780000   0.778377   3674.760768  2.570977900000e-09   2.570977900000e-09    6.996313671323e-13   6.996313671323e-13   580_set1
4   20   35.000000   0.780000   0.779181   5215.311322  3.597233440000e-09   3.597233440000e-09    6.897447185608e-13   6.897447185608e-13   750_set1
4   20   35.000000   0.780000   0.779277   5216.353125  3.592583820000e-09   3.592583820000e-09    6.887156091450e-13   6.887156091450e-13   750_set2
4   20   35.000000   0.780000   0.779448   5213.277116  3.584571880000e-09   3.584571880000e-09    6.875851408318e-13   6.875851408318e-13   750_set3
4   21   35.000000   0.820000   0.818088   3530.531579  1.634677760000e-09   1.634677760000e-09    4.630117939529e-13   4.630117939529e-13   580_set2
4   21   35.000000   0.820000   0.818103   3525.506696  1.631970630000e-09   1.631970630000e-09    4.629038520482e-13   4.629038520482e-13   580_set1
4   21   35.000000   0.820000   0.818933   4832.705154  2.209125790000e-09   2.209125790000e-09    4.571199193006e-13   4.571199193006e-13   750_set1
4   21   35.000000   0.820000   0.819105   4834.972698  2.205677800000e-09   2.205677800000e-09    4.561924001996e-13   4.561924001996e-13   750_set2
4   21   35.000000   0.820000   0.819142   4826.593895  2.201282190000e-09   2.201282190000e-09    4.560736282952e-13   4.560736282952e-13   750_set3
4   22   35.000000   0.860000   0.857695   3405.418572  1.037446200000e-09   1.037446200000e-09    3.046457221236e-13   3.046457221236e-13   580_set2
4   22   35.000000   0.860000   0.857730   3405.878790  1.037384970000e-09   1.037384970000e-09    3.045865792540e-13   3.045865792540e-13   580_set1
4   22   35.000000   0.860000   0.858766   4519.226299  1.358517910000e-09   1.358517910000e-09    3.006085157321e-13   3.006085157321e-13   750_set3
4   22   35.000000   0.860000   0.858880   4516.451913  1.355815910000e-09   1.355815910000e-09    3.001949176294e-13   3.001949176294e-13   750_set1
4   22   35.000000   0.860000   0.858887   4517.169441  1.356760160000e-09   1.356760160000e-09    3.003562690577e-13   3.003562690577e-13   750_set2
4   23   35.000000   0.900000   0.897358   3291.509312  6.555659930000e-10   6.555659930000e-10    1.991688100684e-13   1.991688100684e-13   580_set1
4   23   35.000000   0.900000   0.897466   3292.140413  6.550197140000e-10   6.550197140000e-10    1.989646952522e-13   1.989646952522e-13   580_set2
4   23   35.000000   0.900000   0.898499   4243.479104  8.345568790000e-10   8.345568790000e-10    1.966680779018e-13   1.966680779018e-13   750_set1
4   23   35.000000   0.900000   0.898527   4245.654957  8.349649720000e-10   8.349649720000e-10    1.966634077561e-13   1.966634077561e-13   750_set2
4   23   35.000000   0.900000   0.898641   4250.786598  8.357712070000e-10   8.357712070000e-10    1.966156587097e-13   1.966156587097e-13   750_set3
4   24   35.000000   0.940000   0.937146   3200.120485  4.138157530000e-10   4.138157530000e-10    1.293125539928e-13   1.293125539928e-13   580_set1
4   24   35.000000   0.940000   0.937308   3192.477759  4.121273230000e-10   4.121273230000e-10    1.290932479759e-13   1.290932479759e-13   580_set2
4   24   35.000000   0.940000   0.938235   4024.352154  5.147492630000e-10   5.147492630000e-10    1.279086032489e-13   1.279086032489e-13   750_set3
4   24   35.000000   0.940000   0.938321   4031.583486  5.151795920000e-10   5.151795920000e-10    1.277859168213e-13   1.277859168213e-13   750_set2
4   24   35.000000   0.940000   0.938406   4030.016302  5.143656740000e-10   5.143656740000e-10    1.276336459842e-13   1.276336459842e-13   750_set1
4   25   35.000000   0.980000   0.976912   3090.840935  2.583293240000e-10   2.583293240000e-10    8.357897718861e-14   8.357897718861e-14   580_set2
4   25   35.000000   0.980000   0.976921   3090.561534  2.580121510000e-10   2.580121510000e-10    8.348390677925e-14   8.348390677925e-14   580_set1
4   25   35.000000   0.980000   0.978108   3841.648560  3.168837570000e-10   3.168837570000e-10    8.248639927646e-14   8.248639927646e-14   750_set1
4   25   35.000000   0.980000   0.978181   3842.952107  3.170376880000e-10   3.170376880000e-10    8.249847491529e-14   8.249847491529e-14   750_set3
4   25   35.000000   0.980000   0.978271   3842.163339  3.166568350000e-10   3.166568350000e-10    8.241628662315e-14   8.241628662315e-14   750_set2
4   26   35.000000   1.020000   1.016334   2994.679725  1.617442320000e-10   1.617442320000e-10    5.401052761994e-14   5.401052761994e-14   580_set1
4   26   35.000000   1.020000   1.016619   2999.255658  1.612830670000e-10   1.612830670000e-10    5.377436450601e-14   5.377436450601e-14   580_set2
4   26   35.000000   1.020000   1.017873   3689.878873  1.956071210000e-10   1.956071210000e-10    5.301180004344e-14   5.301180004344e-14   750_set1
4   26   35.000000   1.020000   1.017889   3680.587942  1.954472100000e-10   1.954472100000e-10    5.310217092484e-14   5.310217092484e-14   750_set3
4   26   35.000000   1.020000   1.017915   3691.508145  1.959503860000e-10   1.959503860000e-10    5.308139066831e-14   5.308139066831e-14   750_set2
4   27   35.000000   1.060000   1.055488   2908.307953  1.016145620000e-10   1.016145620000e-10    3.493940932052e-14   3.493940932052e-14   580_set1
4   27   35.000000   1.060000   1.055671   2924.647773  1.020132840000e-10   1.020132840000e-10    3.488053670660e-14   3.488053670660e-14   580_set2
4   27   35.000000   1.060000   1.057674   3542.015798  1.205898730000e-10   1.205898730000e-10    3.404554916669e-14   3.404554916669e-14   750_set1
4   27   35.000000   1.060000   1.057747   3540.414074  1.204456130000e-10   1.204456130000e-10    3.402020511796e-14   3.402020511796e-14   750_set2
4   27   35.000000   1.060000   1.057798   3536.067356  1.201977500000e-10   1.201977500000e-10    3.399192885736e-14   3.399192885736e-14   750_set3
4   28   35.000000   1.100000   1.095896   2837.806689  6.322029370000e-11   6.322029370000e-11    2.227787183146e-14   2.227787183146e-14   580_set2
4   28   35.000000   1.100000   1.096580   2819.153518  6.226557160000e-11   6.226557160000e-11    2.208661969007e-14   2.208661969007e-14   580_set1
4   28   35.000000   1.100000   1.097504   3409.279040  7.439252660000e-11   7.439252660000e-11    2.182060363120e-14   2.182060363120e-14   750_set2
4   28   35.000000   1.100000   1.097545   3414.544043  7.440351330000e-11   7.440351330000e-11    2.179017530980e-14   2.179017530980e-14   750_set3
4   28   35.000000   1.100000   1.097584   3410.270158  7.432656280000e-11   7.432656280000e-11    2.179491927513e-14   2.179491927513e-14   750_set1
4   29   35.000000   1.140000   1.134404   2748.329135  4.000435730000e-11   4.000435730000e-11    1.455588298743e-14   1.455588298743e-14   580_set2
4   29   35.000000   1.140000   1.136153   2750.936736  3.926602950000e-11   3.926602950000e-11    1.427369411523e-14   1.427369411523e-14   580_set1
4   29   35.000000   1.140000   1.137274   3296.906244  4.641904890000e-11   4.641904890000e-11    1.407957808460e-14   1.407957808460e-14   750_set3
4   29   35.000000   1.140000   1.137310   3290.352967  4.636327140000e-11   4.636327140000e-11    1.409066804230e-14   1.409066804230e-14   750_set2
4   29   35.000000   1.140000   1.137317   3291.871692  4.634086140000e-11   4.634086140000e-11    1.407735954977e-14   1.407735954977e-14   750_set1
4   30   35.000000   1.180000   1.169455   2731.898923  2.721240160000e-11   2.721240160000e-11    9.960984050653e-15   9.960984050653e-15   580_set1
4   30   35.000000   1.180000   1.171286   2665.016683  2.603422040000e-11   2.603422040000e-11    9.768877082861e-15   9.768877082861e-15   580_set2
4   30   35.000000   1.180000   1.173141   3209.134369  3.052517790000e-11   3.052517790000e-11    9.511966278156e-15   9.511966278156e-15   750_set1
4   30   35.000000   1.180000   1.173149   3207.499869  3.047831890000e-11   3.047831890000e-11    9.502204254026e-15   9.502204254026e-15   750_set2
4   30   35.000000   1.180000   1.173259   3197.423578  3.043013930000e-11   3.043013930000e-11    9.517081036549e-15   9.517081036549e-15   750_set3
