#This file contains updated Xsec and Reduced Xsec
#Xsec Units: ub * MeV^-1 *sr^-2
#Ksigcc1 Units: (ub * MeV^2 * sr^-2
#Red Xsec Units: MeV^-3
#!xb[i,0]/  yb[i,1]/   thnq_bin[f,2]/   pm_bin[f,3]/  pm_avg[f,4]/   Ksigcc1[f,5]/   pwiaXsec_theory[f,6]/    fsiXsec_theory[f,7]/   red_pwiaXsec_theory[f,8]/    red_fsiXsec_theory[f,9]/   setting[s,10]/
5   1   45.000000   0.020000   0.031454   2432.505620  1.751023560000e-03   1.751023560000e-03    7.198435825197e-07   7.198435825197e-07   80
5   2   45.000000   0.060000   0.062944   2346.817229  4.110759280000e-04   4.110759280000e-04    1.751631626529e-07   1.751631626529e-07   80
5   3   45.000000   0.100000   0.099068   2205.531289  8.327856450000e-05   8.327856450000e-05    3.775895853999e-08   3.775895853999e-08   80
5   4   45.000000   0.140000   0.138875   2055.294914  1.954949190000e-05   1.954949190000e-05    9.511769706058e-09   9.511769706058e-09   80
5   5   45.000000   0.180000   0.178310   1940.422854  5.587268830000e-06   5.587268830000e-06    2.879407866426e-09   2.879407866426e-09   80
5   6   45.000000   0.220000   0.217970   1831.332721  1.864825610000e-06   1.864825610000e-06    1.018288806079e-09   1.018288806079e-09   80
5   7   45.000000   0.260000   0.257825   1737.787372  7.138050790000e-07   7.138050790000e-07    4.107551306340e-10   4.107551306340e-10   80
5   8   45.000000   0.300000   0.297723   1661.427333  3.036864400000e-07   3.036864400000e-07    1.827864715886e-10   1.827864715886e-10   80
5   9   45.000000   0.340000   0.337703   1597.103550  1.453122500000e-07   1.453122500000e-07    9.098486444414e-11   9.098486444414e-11   80
5   10   45.000000   0.380000   0.378097   1547.496688  7.650332150000e-08   7.650332150000e-08    4.943682406124e-11   4.943682406124e-11   80
5   11   45.000000   0.420000   0.417853   1513.559243  4.378202190000e-08   4.378202190000e-08    2.892653333689e-11   2.892653333689e-11   80
5   11   45.000000   0.420000   0.431150   6788.237568  1.751887800000e-07   1.751887800000e-07    2.580769724764e-11   2.580769724764e-11   580_set1
5   11   45.000000   0.420000   0.430623   6769.884414  1.724763810000e-07   1.724763810000e-07    2.547700528584e-11   2.547700528584e-11   580_set2
5   12   45.000000   0.460000   0.457617   1489.361137  2.673154140000e-08   2.673154140000e-08    1.794832746465e-11   1.794832746465e-11   80
5   12   45.000000   0.460000   0.466527   6403.218891  1.089112390000e-07   1.089112390000e-07    1.700882647524e-11   1.700882647524e-11   580_set1
5   12   45.000000   0.460000   0.466827   6377.273054  1.085557420000e-07   1.085557420000e-07    1.702228226403e-11   1.702228226403e-11   580_set2
5   13   45.000000   0.500000   0.497535   1481.507228  1.689593120000e-08   1.689593120000e-08    1.140455536137e-11   1.140455536137e-11   80
5   13   45.000000   0.500000   0.503347   6132.704914  7.002482560000e-08   7.002482560000e-08    1.141826104174e-11   1.141826104174e-11   580_set2
5   13   45.000000   0.500000   0.503442   6125.170007  6.985889380000e-08   6.985889380000e-08    1.140521711563e-11   1.140521711563e-11   580_set1
5   14   45.000000   0.540000   0.536888   1481.901691  1.101437400000e-08   1.101437400000e-08    7.432594258373e-12   7.432594258373e-12   80
5   14   45.000000   0.540000   0.541745   5938.775873  4.546026140000e-08   4.546026140000e-08    7.654820180482e-12   7.654820180482e-12   580_set1
5   14   45.000000   0.540000   0.541842   5931.458331  4.523666200000e-08   4.523666200000e-08    7.626566600591e-12   7.626566600591e-12   580_set2
5   14   45.000000   0.540000   0.550031   7905.727688  5.442077670000e-08   5.442077670000e-08    6.883715054163e-12   6.883715054163e-12   750_set3
5   14   45.000000   0.540000   0.549361   8015.010471  5.385478960000e-08   5.385478960000e-08    6.719241327863e-12   6.719241327863e-12   750_set2
5   14   45.000000   0.540000   0.550139   7961.249326  5.368038270000e-08   5.368038270000e-08    6.742708399383e-12   6.742708399383e-12   750_set1
5   15   45.000000   0.580000   0.576321   1483.715288  7.386406880000e-09   7.386406880000e-09    4.978318239180e-12   4.978318239180e-12   80
5   15   45.000000   0.580000   0.580712   5749.775380  2.964319850000e-08   2.964319850000e-08    5.155540267383e-12   5.155540267383e-12   580_set1
5   15   45.000000   0.580000   0.580684   5748.892506  2.964938060000e-08   2.964938060000e-08    5.157407373517e-12   5.157407373517e-12   580_set2
5   15   45.000000   0.580000   0.586545   7464.120616  3.637059410000e-08   3.637059410000e-08    4.872723254503e-12   4.872723254503e-12   750_set2
5   15   45.000000   0.580000   0.586107   7463.340438  3.618714210000e-08   3.618714210000e-08    4.848652208835e-12   4.848652208835e-12   750_set1
5   15   45.000000   0.580000   0.586630   7476.690259  3.585695100000e-08   3.585695100000e-08    4.795832080490e-12   4.795832080490e-12   750_set3
5   16   45.000000   0.620000   0.614087   1495.146293  5.031376150000e-09   5.031376150000e-09    3.365139701416e-12   3.365139701416e-12   80
5   16   45.000000   0.620000   0.620086   5568.014750  1.932297460000e-08   1.932297460000e-08    3.470352624335e-12   3.470352624335e-12   580_set2
5   16   45.000000   0.620000   0.620037   5559.842556  1.932580210000e-08   1.932580210000e-08    3.475962116795e-12   3.475962116795e-12   580_set1
5   16   45.000000   0.620000   0.623573   7130.845291  2.370572650000e-08   2.370572650000e-08    3.324392204935e-12   3.324392204935e-12   750_set2
5   16   45.000000   0.620000   0.623549   7144.351801  2.378190680000e-08   2.378190680000e-08    3.328770399670e-12   3.328770399670e-12   750_set3
5   16   45.000000   0.620000   0.623748   7142.699870  2.369486910000e-08   2.369486910000e-08    3.317354716180e-12   3.317354716180e-12   750_set1
5   17   45.000000   0.660000   0.652840   1521.306367  3.522682470000e-09   3.522682470000e-09    2.315564140408e-12   2.315564140408e-12   80
5   17   45.000000   0.660000   0.659559   5361.035275  1.261233630000e-08   1.261233630000e-08    2.352593417696e-12   2.352593417696e-12   580_set1
5   17   45.000000   0.660000   0.659538   5365.164823  1.259124650000e-08   1.259124650000e-08    2.346851758593e-12   2.346851758593e-12   580_set2
5   17   45.000000   0.660000   0.662034   6876.762823  1.562624800000e-08   1.562624800000e-08    2.272326151447e-12   2.272326151447e-12   750_set1
5   17   45.000000   0.660000   0.661952   6886.218567  1.562557180000e-08   1.562557180000e-08    2.269107732781e-12   2.269107732781e-12   750_set2
5   17   45.000000   0.660000   0.662081   6885.474095  1.561679600000e-08   1.561679600000e-08    2.268078535266e-12   2.268078535266e-12   750_set3
5   18   45.000000   0.700000   0.688496   1512.096056  2.781093120000e-09   2.781093120000e-09    1.839230456931e-12   1.839230456931e-12   80
5   18   45.000000   0.700000   0.699105   5162.327286  8.180635050000e-09   8.180635050000e-09    1.584679660312e-12   1.584679660312e-12   580_set1
5   18   45.000000   0.700000   0.699092   5165.173931  8.164803500000e-09   8.164803500000e-09    1.580741250744e-12   1.580741250744e-12   580_set2
5   18   45.000000   0.700000   0.700975   6670.354759  1.022326850000e-08   1.022326850000e-08    1.532642395999e-12   1.532642395999e-12   750_set2
5   18   45.000000   0.700000   0.701054   6665.276419  1.022151670000e-08   1.022151670000e-08    1.533547306585e-12   1.533547306585e-12   750_set3
5   18   45.000000   0.700000   0.700874   6656.638546  1.021813970000e-08   1.021813970000e-08    1.535029974872e-12   1.535029974872e-12   750_set1
5   19   45.000000   0.740000   0.738839   4977.719052  5.271736530000e-09   5.271736530000e-09    1.059066708050e-12   1.059066708050e-12   580_set2
5   19   45.000000   0.740000   0.738831   4976.313313  5.254873540000e-09   5.254873540000e-09    1.055977228418e-12   1.055977228418e-12   580_set1
5   19   45.000000   0.740000   0.740166   6462.420424  6.676256190000e-09   6.676256190000e-09    1.033089113981e-12   1.033089113981e-12   750_set3
5   19   45.000000   0.740000   0.740225   6458.496269  6.666756700000e-09   6.666756700000e-09    1.032245962888e-12   1.032245962888e-12   750_set1
5   19   45.000000   0.740000   0.740328   6459.941825  6.663721050000e-09   6.663721050000e-09    1.031545055748e-12   1.031545055748e-12   750_set2
5   20   45.000000   0.780000   0.778515   4809.077106  3.395481970000e-09   3.395481970000e-09    7.060568785149e-13   7.060568785149e-13   580_set1
5   20   45.000000   0.780000   0.778539   4802.016637  3.394867990000e-09   3.394867990000e-09    7.069671445622e-13   7.069671445622e-13   580_set2
5   20   45.000000   0.780000   0.779576   6273.470636  4.333191550000e-09   4.333191550000e-09    6.907167979928e-13   6.907167979928e-13   750_set1
5   20   45.000000   0.780000   0.779751   6278.587183  4.330426920000e-09   4.330426920000e-09    6.897135922115e-13   6.897135922115e-13   750_set2
5   20   45.000000   0.780000   0.779695   6273.749217  4.323184490000e-09   4.323184490000e-09    6.890910587062e-13   6.890910587062e-13   750_set3
5   21   45.000000   0.820000   0.818298   4646.867163  2.177806340000e-09   2.177806340000e-09    4.686611998166e-13   4.686611998166e-13   580_set1
5   21   45.000000   0.820000   0.818217   4649.200788  2.178076190000e-09   2.178076190000e-09    4.684840017282e-13   4.684840017282e-13   580_set2
5   21   45.000000   0.820000   0.819223   6079.539990  2.793186580000e-09   2.793186580000e-09    4.594404485528e-13   4.594404485528e-13   750_set1
5   21   45.000000   0.820000   0.819166   6079.870431  2.788457790000e-09   2.788457790000e-09    4.586376998730e-13   4.586376998730e-13   750_set3
5   21   45.000000   0.820000   0.819291   6084.293115  2.786798640000e-09   2.786798640000e-09    4.580316213119e-13   4.580316213119e-13   750_set2
5   22   45.000000   0.860000   0.858070   4510.613968  1.392218980000e-09   1.392218980000e-09    3.086539858824e-13   3.086539858824e-13   580_set2
5   22   45.000000   0.860000   0.858093   4499.579631  1.392237960000e-09   1.392237960000e-09    3.094151174497e-13   3.094151174497e-13   580_set1
5   22   45.000000   0.860000   0.858827   5902.898738  1.783100310000e-09   1.783100310000e-09    3.020719800801e-13   3.020719800801e-13   750_set1
5   22   45.000000   0.860000   0.858980   5894.443012  1.782099130000e-09   1.782099130000e-09    3.023354583922e-13   3.023354583922e-13   750_set2
5   22   45.000000   0.860000   0.858933   5895.058605  1.779417040000e-09   1.779417040000e-09    3.018489143587e-13   3.018489143587e-13   750_set3
5   23   45.000000   0.900000   0.897811   4380.016126  8.894866330000e-10   8.894866330000e-10    2.030783922735e-13   2.030783922735e-13   580_set1
5   23   45.000000   0.900000   0.897966   4385.473648  8.887639850000e-10   8.887639850000e-10    2.026608882727e-13   2.026608882727e-13   580_set2
5   23   45.000000   0.900000   0.898547   5718.755138  1.134738560000e-09   1.134738560000e-09    1.984240507973e-13   1.984240507973e-13   750_set1
5   23   45.000000   0.900000   0.898552   5721.338439  1.136271520000e-09   1.136271520000e-09    1.986023955958e-13   1.986023955958e-13   750_set2
5   23   45.000000   0.900000   0.898556   5718.384829  1.135548460000e-09   1.135548460000e-09    1.985785311687e-13   1.985785311687e-13   750_set3
5   24   45.000000   0.940000   0.937651   4293.372879  5.684765060000e-10   5.684765060000e-10    1.324079044661e-13   1.324079044661e-13   580_set2
5   24   45.000000   0.940000   0.937451   4283.804743  5.668589150000e-10   5.668589150000e-10    1.323260393523e-13   1.323260393523e-13   580_set1
5   24   45.000000   0.940000   0.938290   5550.137289  7.194912760000e-10   7.194912760000e-10    1.296348610017e-13   1.296348610017e-13   750_set3
5   24   45.000000   0.940000   0.938344   5550.325013  7.193888890000e-10   7.193888890000e-10    1.296120294424e-13   1.296120294424e-13   750_set1
5   24   45.000000   0.940000   0.938264   5549.297006  7.177544760000e-10   7.177544760000e-10    1.293415139294e-13   1.293415139294e-13   750_set2
5   25   45.000000   0.980000   0.977282   4188.888706  3.622745860000e-10   3.622745860000e-10    8.648465295368e-14   8.648465295368e-14   580_set2
5   25   45.000000   0.980000   0.977308   4196.576752  3.616522010000e-10   3.616522010000e-10    8.617790698756e-14   8.617790698756e-14   580_set1
5   25   45.000000   0.980000   0.977917   5391.886394  4.525894470000e-10   4.525894470000e-10    8.393898052148e-14   8.393898052148e-14   750_set2
5   25   45.000000   0.980000   0.978081   5387.522605  4.524270770000e-10   4.524270770000e-10    8.397683131392e-14   8.397683131392e-14   750_set3
5   25   45.000000   0.980000   0.978020   5389.397396  4.513086460000e-10   4.513086460000e-10    8.374009427009e-14   8.374009427009e-14   750_set1
5   26   45.000000   1.020000   1.016804   4137.606570  2.315518800000e-10   2.315518800000e-10    5.596275916586e-14   5.596275916586e-14   580_set2
5   26   45.000000   1.020000   1.016929   4138.498387  2.291857820000e-10   2.291857820000e-10    5.537897096201e-14   5.537897096201e-14   580_set1
5   26   45.000000   1.020000   1.017631   5244.412424  2.845068520000e-10   2.845068520000e-10    5.424951910685e-14   5.424951910685e-14   750_set2
5   26   45.000000   1.020000   1.017794   5242.198998  2.845311540000e-10   2.845311540000e-10    5.427706084957e-14   5.427706084957e-14   750_set3
5   26   45.000000   1.020000   1.017629   5238.769926  2.842078680000e-10   2.842078680000e-10    5.425087797604e-14   5.425087797604e-14   750_set1
5   27   45.000000   1.060000   1.056727   4082.195249  1.471437570000e-10   1.471437570000e-10    3.604525213145e-14   3.604525213145e-14   580_set2
5   27   45.000000   1.060000   1.056520   4085.744193  1.474394810000e-10   1.474394810000e-10    3.608632210813e-14   3.608632210813e-14   580_set1
5   27   45.000000   1.060000   1.057259   5094.921957  1.780057060000e-10   1.780057060000e-10    3.493786705711e-14   3.493786705711e-14   750_set2
5   27   45.000000   1.060000   1.057394   5099.176508  1.774985870000e-10   1.774985870000e-10    3.480926512772e-14   3.480926512772e-14   750_set1
5   27   45.000000   1.060000   1.057289   5095.452706  1.772211400000e-10   1.772211400000e-10    3.478025412567e-14   3.478025412567e-14   750_set3
5   28   45.000000   1.100000   1.096138   4051.277115  9.404230510000e-11   9.404230510000e-11    2.321300232754e-14   2.321300232754e-14   580_set1
5   28   45.000000   1.100000   1.096129   4045.410442  9.315236820000e-11   9.315236820000e-11    2.302667913072e-14   2.302667913072e-14   580_set2
5   28   45.000000   1.100000   1.096957   4947.191413  1.111259330000e-10   1.111259330000e-10    2.246242842110e-14   2.246242842110e-14   750_set1
5   28   45.000000   1.100000   1.097008   4950.557840  1.111660240000e-10   1.111660240000e-10    2.245525203277e-14   2.245525203277e-14   750_set2
5   28   45.000000   1.100000   1.096934   4959.028897  1.110098460000e-10   1.110098460000e-10    2.238540010669e-14   2.238540010669e-14   750_set3
5   29   45.000000   1.140000   1.135873   4028.715573  6.057439900000e-11   6.057439900000e-11    1.503566034941e-14   1.503566034941e-14   580_set1
5   29   45.000000   1.140000   1.135862   4032.637461  5.989235070000e-11   5.989235070000e-11    1.485190555294e-14   1.485190555294e-14   580_set2
5   29   45.000000   1.140000   1.136423   4814.329579  7.014454600000e-11   7.014454600000e-11    1.456995098673e-14   1.456995098673e-14   750_set3
5   29   45.000000   1.140000   1.136477   4818.304405  6.998111350000e-11   6.998111350000e-11    1.452401251930e-14   1.452401251930e-14   750_set1
5   29   45.000000   1.140000   1.136323   4821.952287  6.982763440000e-11   6.982763440000e-11    1.448119563278e-14   1.448119563278e-14   750_set2
5   30   45.000000   1.180000   1.171550   4028.129278  3.999165350000e-11   3.999165350000e-11    9.928095833075e-15   9.928095833075e-15   580_set2
5   30   45.000000   1.180000   1.172256   3963.252540  4.015508240000e-11   4.015508240000e-11    1.013185054314e-14   1.013185054314e-14   580_set1
5   30   45.000000   1.180000   1.172380   4704.033857  4.643448120000e-11   4.643448120000e-11    9.871204717394e-15   9.871204717394e-15   750_set1
5   30   45.000000   1.180000   1.172397   4724.104700  4.639367030000e-11   4.639367030000e-11    9.820627028017e-15   9.820627028017e-15   750_set2
5   30   45.000000   1.180000   1.172391   4711.657028  4.614761200000e-11   4.614761200000e-11    9.794348723975e-15   9.794348723975e-15   750_set3
