#This datafile contains redXsec from Hall C Deuteron Experiment: E12-10-003
#Units: pm_avg [GeV/c] :: redXsec [fm^3],   theta_nq = 45 +\- 5 deg 
#!pm_avg[f,0]/   data_redXsec[f,1]/   data_redXsec_tot_err[f,2]/   stats_rel_err[f,3]/  kin_rel_err[f,4]/   norm_rel_err[f,5]   tot_rel_syst_err[f,6]/   tot_rel_err[f,7]/ 
0.03147 6.12951E+00  1.33264E+00  0.21331  0.02065  0.03661  0.04203  0.21741
0.06241 1.33396E+00  9.92263E-02  0.06199  0.01870  0.03661  0.04111  0.07439
0.09921 2.56392E-01  1.66496E-02  0.04583  0.02786  0.03661  0.04600  0.06494
0.13844 6.81619E-02  5.24302E-03  0.05638  0.03739  0.03661  0.05233  0.07692
0.17838 2.09058E-02  2.14022E-03  0.08566  0.04245  0.03661  0.05606  0.10237
0.21825 5.25342E-03  9.29333E-04  0.16749  0.04358  0.03661  0.05692  0.17690
0.25782 2.83263E-03  7.06036E-04  0.24311  0.04105  0.03661  0.05500  0.24925
0.50150 1.01565E-04  4.08625E-05  0.39864  0.01215  0.05302  0.05439  0.40233
0.54628 6.89393E-05  1.82212E-05  0.25863  0.01254  0.05302  0.05448  0.26431
0.58274 4.37230E-05  1.02895E-05  0.22561  0.01591  0.06505  0.06696  0.23533
0.62105 4.00389E-05  8.14734E-06  0.19205  0.01691  0.06509  0.06725  0.20349
0.65942 2.35715E-05  5.04722E-06  0.19549  0.02373  0.08409  0.08737  0.21412
0.69700 3.33076E-05  5.46265E-06  0.13846  0.02561  0.08409  0.08790  0.16401
0.73983 1.78688E-05  3.33725E-06  0.16449  0.02743  0.08409  0.08845  0.18676
0.77941 1.78408E-05  3.11650E-06  0.15017  0.02987  0.08409  0.08924  0.17468
0.81913 1.49904E-05  2.68309E-06  0.15462  0.03251  0.08409  0.09016  0.17899
0.85887 8.17710E-06  1.83484E-06  0.20508  0.03496  0.08409  0.09107  0.22439
0.89857 1.12852E-05  2.22867E-06  0.17448  0.03854  0.08409  0.09250  0.19748
0.93835 7.34202E-06  1.80888E-06  0.23142  0.03834  0.07532  0.08451  0.24637
0.97818 1.13769E-05  2.44316E-06  0.19687  0.04140  0.07514  0.08579  0.21475
1.01796 6.96669E-06  1.90648E-06  0.25219  0.06494  0.08409  0.10625  0.27366
